======== PARAMETER AKTIF (Fixed PID) ========
Setpoint   : 30.0g
Kp         : 2.50
Ki         : 0.150
Kd         : 0.030
IntMax     : 30.0
SUDUT_MIN  : 20deg
SUDUT_BUKA : 40deg
EARLY_STOP : SP - 0.40g
STOP saat  : 29.6g
HAMMER_TH  : error > 3.0g
=================================================
RESET. Servo tutup. Tare selesai. Siap.
=== TRIAL START ===
Controller: Fixed PID
TrialNo: 10
Setpoint_g: 30.00
EarlyStop_g: 0.40
StopTarget_g: 29.60
Kp: 2.500
Ki: 0.150
Kd: 0.030
IntMax: 30.00
ServoMin_deg: 20
ServoMax_deg: 40
HammerThreshold_g: 3.00
Sampling_ms: 100
DataFormat: DATA,ms,mass_g,error_g,error_pct,output,servo_deg,zone,I,D,bridging_count
=== DATA START ===
DATA,100,0.01,29.99,100.0,84.4,36,Z1,2.999,299.922,0
DATA,218,0.00,30.00,100.0,75.9,34,Z1,5.999,0.078,0
DATA,476,1.07,28.93,96.4,73.3,34,Z1,8.893,-10.666,0
DATA,734,2.38,27.62,92.1,70.4,33,Z1,11.654,-13.156,0
DATA,993,2.26,27.74,92.5,71.6,34,Z1,14.428,1.232,0
DATA,1251,2.34,27.66,92.2,71.7,34,Z1,17.195,-0.795,0
DATA,1509,2.51,27.49,91.6,71.7,34,Z1,19.944,-1.672,0
DATA,1767,2.60,27.40,91.3,71.9,34,Z1,22.684,-0.958,0
DATA,2026,2.18,27.82,92.7,73.5,34,Z1,25.466,4.225,0
DATA,2284,2.28,27.72,92.4,73.5,34,Z1,28.238,-1.013,0
DATA,2542,7.75,22.25,74.2,58.5,31,Z1,30.000,-54.706,0
DATA,2800,12.68,17.32,57.7,46.3,29,Z1,30.000,-49.327,0
DATA,3058,12.86,17.14,57.1,47.3,29,Z1,30.000,-1.813,0
DATA,3317,12.89,17.11,57.0,47.3,29,Z1,30.000,-0.251,0
DATA,3575,12.88,17.12,57.1,47.3,29,Z1,30.000,0.085,0
DATA,3833,13.05,16.95,56.5,46.8,29,Z1,30.000,-1.676,0
DATA,4091,12.90,17.10,57.0,47.3,29,Z1,30.000,1.528,0
DATA,4350,13.00,17.00,56.7,47.0,29,Z1,30.000,-1.084,0
DATA,4608,13.85,16.15,53.8,44.6,28,Z1,30.000,-8.487,0
DATA,4866,14.47,15.53,51.8,43.2,28,Z1,30.000,-6.119,0
DATA,5124,14.35,15.65,52.2,43.7,28,Z1,30.000,1.169,0
DATA,5382,14.40,15.60,52.0,43.5,28,Z1,30.000,-0.559,0
DATA,5641,14.39,15.61,52.0,43.5,28,Z1,30.000,0.163,0
DATA,5899,14.40,15.60,52.0,43.5,28,Z1,30.000,-0.119,0
DATA,6157,14.41,15.59,52.0,43.5,28,Z1,30.000,-0.126,0
DATA,6415,14.42,15.58,51.9,43.5,28,Z1,30.000,-0.030,0
DATA,6674,15.18,14.82,49.4,41.3,28,Z2,30.000,-7.603,0
DATA,6932,17.42,12.58,41.9,35.3,26,Z2,30.000,-22.449,0
DATA,7190,17.64,12.36,41.2,35.3,26,Z2,30.000,-2.205,0
DATA,7448,17.63,12.37,41.2,35.4,26,Z2,30.000,0.103,0
DATA,7706,17.61,12.39,41.3,35.5,26,Z2,30.000,0.163,0
DATA,7965,17.59,12.41,41.4,35.5,26,Z2,30.000,0.196,0
DATA,8223,17.55,12.45,41.5,35.6,26,Z2,30.000,0.462,0
DATA,8481,17.55,12.45,41.5,35.6,26,Z2,30.000,0.019,0
DATA,8739,18.98,11.02,36.7,31.6,26,Z2,30.000,-14.355,0
DATA,8998,19.98,10.02,33.4,29.2,25,Z2,30.000,-10.004,0
DATA,9256,19.98,10.02,33.4,29.6,25,Z2,30.000,0.070,0
DATA,9514,20.00,10.00,33.3,29.5,25,Z2,30.000,-0.237,0
DATA,9772,20.02,9.98,33.3,29.4,25,Z2,30.000,-0.207,0
DATA,10030,19.88,10.12,33.7,29.8,25,Z2,30.000,1.428,0
DATA,10289,19.89,10.11,33.7,29.8,25,Z2,30.000,-0.122,0
DATA,10547,19.93,10.07,33.6,29.7,25,Z2,30.000,-0.451,0
DATA,10805,20.26,9.74,32.5,28.8,25,Z2,30.000,-3.230,0
DATA,11063,21.31,8.69,29.0,25.9,24,Z2,30.000,-10.522,0
DATA,11321,22.32,7.68,25.6,23.4,24,Z2,30.000,-10.089,0
DATA,11580,22.36,7.64,25.5,23.6,24,Z2,30.000,-0.437,0
DATA,11838,22.21,7.79,26.0,24.0,24,Z2,30.000,1.532,0
DATA,12096,21.93,8.07,26.9,24.7,24,Z2,30.000,2.749,0
DATA,12354,22.02,7.98,26.6,24.4,24,Z2,30.000,-0.825,0
DATA,12613,22.17,7.83,26.1,24.0,24,Z2,30.000,-1.509,0
DATA,12871,22.69,7.31,24.4,22.6,24,Z2,30.000,-5.231,0
DATA,13129,23.37,6.63,22.1,20.9,23,Z2,30.000,-6.755,0
DATA,13387,23.33,6.67,22.2,21.2,24,Z2,30.000,0.326,0
DATA,13645,23.35,6.65,22.2,21.1,24,Z2,30.000,-0.126,0
DATA,13904,23.33,6.67,22.2,21.2,24,Z2,30.000,0.137,0
DATA,14162,23.37,6.63,22.1,21.1,24,Z2,30.000,-0.392,0
DATA,14420,23.36,6.64,22.1,21.1,24,Z2,30.000,0.144,0
DATA,14678,23.37,6.63,22.1,21.1,24,Z2,30.000,-0.122,0
DATA,14937,24.05,5.95,19.8,19.2,23,Z2,30.000,-6.848,0
DATA,15195,24.95,5.05,16.8,16.9,23,Z2,30.000,-8.938,0
DATA,15453,24.97,5.03,16.8,17.1,23,Z2,30.000,-0.229,0
DATA,15711,25.00,5.00,16.7,17.0,23,Z2,30.000,-0.255,0
DATA,15969,24.98,5.02,16.7,17.0,23,Z2,30.000,0.122,0
DATA,16228,24.96,5.04,16.8,17.1,23,Z2,30.000,0.215,0
DATA,16486,25.00,5.00,16.7,17.0,23,Z2,30.000,-0.392,0
DATA,16744,25.01,4.99,16.6,17.0,23,Z2,30.000,-0.052,0
DATA,17002,26.78,3.22,10.7,12.0,22,Z3,30.000,-17.684,0
DATA,17260,27.40,2.60,8.7,10.8,21,Z3,30.000,-6.204,0
DATA,17519,27.49,2.51,8.4,10.7,21,Z3,30.000,-0.958,0
DATA,17777,27.53,2.47,8.2,10.7,21,Z3,30.000,-0.344,0
DATA,18035,27.63,2.37,7.9,10.4,21,Z3,30.000,-1.065,0
DATA,18293,27.44,2.56,8.5,11.0,21,Z3,30.000,1.976,0
DATA,18552,27.76,2.24,7.5,10.0,21,Z3,30.000,-3.226,0
DATA,18810,27.60,2.40,8.0,10.5,21,Z3,30.000,1.580,0
DATA,19068,28.64,1.36,4.5,7.6,21,Z3,30.000,-10.388,0
DATA,19326,29.52,0.48,1.6,5.4,20,Z3,30.000,-8.820,0
DATA,19584,29.51,0.49,1.6,5.7,20,Z3,30.000,0.078,0
DATA,19843,29.33,0.67,2.2,6.2,21,Z3,30.000,1.802,0
DATA,20101,29.31,0.69,2.3,6.2,21,Z3,30.000,0.181,0
DATA,20359,29.46,0.54,1.8,5.8,20,Z3,30.000,-1.469,0
DATA,20617,29.35,0.65,2.2,6.2,21,Z3,30.000,1.139,0
DATA,20876,29.38,0.62,2.1,6.0,21,Z3,30.000,-0.359,0
--------------------------------------------
STOP       : TARGET
Setpoint   : 30.0g
Massa akhir: 30.48g
Error akhir: 0.48g
Error%     : 1.6%
Durasi     : 22596ms
Bridging   : 0x
STATUS     : AKURAT
=== SUMMARY TRIAL ===
Controller: Fixed PID
TrialNo: 10
Setpoint_g: 30.00
EarlyStop_g: 0.40
StopTarget_g: 29.60
Kp: 2.500
Ki: 0.150
Kd: 0.030
IntMax: 30.00
ServoMin_deg: 20
ServoMax_deg: 40
HammerThreshold_g: 3.00
FinalMass_g: 30.48
FinalError_g: 0.48
FinalError_pct: 1.59
Duration_ms: 22596
Duration_s: 22.60
TimeTo90_ms: 17260
RiseTime_10_90_ms: 14718
TimeToTolerance_ms: 19068
SettlingTime_ms: 19068
SettlingTol_pct: 5.00
SettlingTol_g: 1.50
MaxMass_g: 30.48
MaxOvershoot_g: 0.48
MaxOvershoot_pct: 1.59
BridgingCount: 0
Status: AKURAT
Valid: TRUE
StopReason: TARGET
=== TRIAL END ===
--------------------------------------------
r=reset | g=ulangi | c=parameter
