Trial berikutnya diset ke: 7
======== PARAMETER AKTIF (Fixed PID) ========
Setpoint   : 30.0g
Kp         : 2.50
Ki         : 0.150
Kd         : 0.030
IntMax     : 30.0
SUDUT_MIN  : 20deg
SUDUT_BUKA : 40deg
EARLY_STOP : SP - 0.40g
STOP saat  : 29.6g
HAMMER_TH  : error > 3.0g
=================================================
RESET. Servo tutup. Tare selesai. Siap.
=== TRIAL START ===
Controller: Fixed PID
TrialNo: 7
Setpoint_g: 30.00
EarlyStop_g: 0.40
StopTarget_g: 29.60
Kp: 2.500
Ki: 0.150
Kd: 0.030
IntMax: 30.00
ServoMin_deg: 20
ServoMax_deg: 40
HammerThreshold_g: 3.00
Sampling_ms: 100
DataFormat: DATA,ms,mass_g,error_g,error_pct,output,servo_deg,zone,I,D,bridging_count
=== DATA START ===
DATA,100,0.00,30.00,100.0,84.4,36,Z1,3.000,300.000,0
DATA,218,0.41,29.59,98.6,74.7,34,Z1,5.959,-4.121,0
DATA,476,1.85,28.15,93.8,71.3,34,Z1,8.774,-14.343,0
DATA,734,3.27,26.73,89.1,68.1,33,Z1,11.447,-14.281,0
DATA,993,4.20,25.80,86.0,66.3,33,Z1,14.027,-9.256,0
DATA,1251,4.24,25.76,85.9,66.9,33,Z1,16.603,-0.377,0
DATA,1509,4.32,25.68,85.6,67.1,33,Z1,19.171,-0.803,0
DATA,1767,4.32,25.68,85.6,67.5,33,Z1,21.739,-0.004,0
DATA,2025,4.30,25.70,85.7,67.9,33,Z1,24.309,0.178,0
DATA,2284,4.32,25.68,85.6,68.2,33,Z1,26.877,-0.185,0
DATA,2542,7.99,22.01,73.4,58.3,31,Z1,29.079,-36.659,0
DATA,2800,10.09,19.91,66.4,53.6,30,Z1,30.000,-21.047,0
DATA,3058,10.11,19.89,66.3,54.2,30,Z1,30.000,-0.192,0
DATA,3316,10.16,19.84,66.1,54.1,30,Z1,30.000,-0.551,0
DATA,3575,10.16,19.84,66.1,54.1,30,Z1,30.000,0.085,0
DATA,3833,10.18,19.82,66.1,54.0,30,Z1,30.000,-0.263,0
DATA,4091,10.17,19.83,66.1,54.1,30,Z1,30.000,0.140,0
DATA,4349,10.17,19.83,66.1,54.1,30,Z1,30.000,-0.041,0
DATA,4607,12.77,17.23,57.4,46.8,29,Z1,30.000,-26.016,0
DATA,4865,16.15,13.85,46.2,38.1,27,Z2,30.000,-33.748,0
DATA,5124,16.07,13.93,46.4,39.4,27,Z2,30.000,0.799,0
DATA,5382,15.98,14.02,46.7,39.6,27,Z2,30.000,0.906,0
DATA,5640,15.90,14.10,47.0,39.8,27,Z2,30.000,0.762,0
DATA,5898,16.09,13.91,46.4,39.2,27,Z2,30.000,-1.887,0
DATA,6157,16.48,13.52,45.1,38.2,27,Z2,30.000,-3.855,0
DATA,6415,16.15,13.85,46.2,39.2,27,Z2,30.000,3.211,0
DATA,6673,18.09,11.91,39.7,33.7,26,Z2,30.000,-19.304,0
DATA,6931,20.27,9.73,32.4,28.2,25,Z2,30.000,-21.880,0
DATA,7189,21.26,8.74,29.1,26.1,25,Z2,30.000,-9.826,0
DATA,7448,21.18,8.82,29.4,26.6,25,Z2,30.000,0.710,0
DATA,7706,20.92,9.08,30.3,27.3,25,Z2,30.000,2.660,0
DATA,7964,20.72,9.28,30.9,27.7,25,Z2,30.000,1.942,0
DATA,8222,20.95,9.05,30.2,27.1,25,Z2,30.000,-2.257,0
DATA,8481,20.93,9.07,30.2,27.2,25,Z2,30.000,0.170,0
DATA,8739,22.17,7.83,26.1,23.7,24,Z2,30.000,-12.416,0
DATA,8997,22.78,7.22,24.1,22.4,24,Z2,30.000,-6.063,0
DATA,9255,22.73,7.27,24.2,22.7,24,Z2,30.000,0.488,0
DATA,9513,22.76,7.24,24.1,22.6,24,Z2,30.000,-0.255,0
DATA,9771,22.76,7.24,24.1,22.6,24,Z2,30.000,-0.048,0
DATA,10030,22.74,7.26,24.2,22.7,24,Z2,30.000,0.218,0
DATA,10288,22.70,7.30,24.3,22.8,24,Z2,30.000,0.444,0
DATA,10546,22.66,7.34,24.5,22.9,24,Z2,30.000,0.348,0
DATA,10804,23.26,6.74,22.5,21.2,24,Z2,30.000,-5.964,0
DATA,11062,24.26,5.74,19.1,18.5,23,Z2,30.000,-10.026,0
DATA,11321,24.23,5.77,19.2,18.9,23,Z2,30.000,0.333,0
DATA,11579,24.21,5.79,19.3,19.0,23,Z2,30.000,0.192,0
DATA,11837,24.23,5.77,19.2,18.9,23,Z2,30.000,-0.189,0
DATA,12095,24.25,5.75,19.2,18.9,23,Z2,30.000,-0.248,0
DATA,12354,24.24,5.76,19.2,18.9,23,Z2,30.000,0.092,0
DATA,12612,24.30,5.70,19.0,18.7,23,Z2,30.000,-0.618,0
DATA,12870,25.17,4.83,16.1,16.3,23,Z2,30.000,-8.628,0
DATA,13128,25.32,4.68,15.6,16.1,23,Z2,30.000,-1.561,0
DATA,13386,25.30,4.70,15.7,16.3,23,Z2,30.000,0.226,0
DATA,13645,25.38,4.62,15.4,16.0,23,Z2,30.000,-0.770,0
DATA,13903,25.33,4.67,15.6,16.2,23,Z2,30.000,0.466,0
DATA,14161,25.37,4.63,15.4,16.1,23,Z2,30.000,-0.355,0
DATA,14419,25.36,4.64,15.5,16.1,23,Z2,30.000,0.111,0
DATA,14678,25.41,4.59,15.3,16.0,22,Z2,30.000,-0.555,0
DATA,14936,25.56,4.44,14.8,15.5,22,Z3,30.000,-1.535,0
DATA,15194,25.68,4.32,14.4,15.3,22,Z3,30.000,-1.176,0
DATA,15452,25.38,4.62,15.4,16.1,23,Z2,30.000,2.978,0
DATA,15710,25.52,4.48,14.9,15.7,22,Z3,30.000,-1.372,0
DATA,15968,25.57,4.43,14.8,15.6,22,Z3,30.000,-0.463,0
DATA,16227,25.66,4.34,14.5,15.3,22,Z3,30.000,-0.951,0
DATA,16485,25.54,4.46,14.9,15.7,22,Z3,30.000,1.195,0
DATA,16743,25.51,4.49,15.0,15.7,22,Z3,30.000,0.374,0
DATA,17001,25.43,4.57,15.2,15.9,22,Z2,30.000,0.751,0
DATA,17259,25.30,4.70,15.7,16.3,23,Z2,30.000,1.350,0
DATA,17518,25.04,4.96,16.5,17.0,23,Z2,30.000,2.571,0
DATA,17776,25.24,4.76,15.9,16.3,23,Z2,30.000,-1.987,0
DATA,18034,25.30,4.70,15.7,16.2,23,Z2,30.000,-0.610,0
DATA,18292,25.23,4.77,15.9,16.4,23,Z2,30.000,0.662,0
BRIDGING #1 @25.35g hammer
DATA,18551,25.35,4.65,15.5,16.1,23,Z2,30.000,-1.132,1
DATA,18809,25.41,4.59,15.3,16.0,22,Z2,30.000,-0.614,1
DATA,19067,25.43,4.57,15.2,15.9,22,Z2,30.000,-0.270,1
DATA,19325,25.43,4.57,15.2,15.9,22,Z2,30.000,0.085,1
DATA,19583,25.94,4.06,13.5,14.5,22,Z3,30.000,-5.135,1
DATA,19841,28.89,1.11,3.7,6.4,21,Z3,30.000,-29.512,1
DATA,20099,29.10,0.90,3.0,6.7,21,Z3,30.000,-2.090,1
DATA,20358,29.04,0.96,3.2,6.9,21,Z3,30.000,0.629,1
DATA,20616,29.08,0.92,3.1,6.8,21,Z3,30.000,-0.440,1
DATA,20874,29.11,0.89,3.0,6.7,21,Z3,30.000,-0.277,1
DATA,21132,29.09,0.91,3.0,6.8,21,Z3,30.000,0.218,1
DATA,21390,29.08,0.92,3.1,6.8,21,Z3,30.000,0.104,1
DATA,21649,29.17,0.83,2.8,6.5,21,Z3,30.000,-0.954,1
DATA,21907,28.98,1.02,3.4,7.1,21,Z3,30.000,1.905,1
DATA,22165,28.96,1.04,3.5,7.1,21,Z3,30.000,0.181,1
DATA,22423,29.17,0.83,2.8,6.5,21,Z3,30.000,-2.105,1
DATA,22682,29.52,0.48,1.6,5.6,20,Z3,30.000,-3.470,1
DATA,22940,29.02,0.98,3.3,7.1,21,Z3,30.000,4.980,1
DATA,23198,29.05,0.95,3.2,6.9,21,Z3,30.000,-0.303,1
--------------------------------------------
STOP       : TARGET
Setpoint   : 30.0g
Massa akhir: 29.04g
Error akhir: -0.96g
Error%     : -3.2%
Durasi     : 24918ms
Bridging   : 1x
STATUS     : AKURAT
=== SUMMARY TRIAL ===
Controller: Fixed PID
TrialNo: 7
Setpoint_g: 30.00
EarlyStop_g: 0.40
StopTarget_g: 29.60
Kp: 2.500
Ki: 0.150
Kd: 0.030
IntMax: 30.00
ServoMin_deg: 20
ServoMax_deg: 40
HammerThreshold_g: 3.00
FinalMass_g: 29.04
FinalError_g: -0.96
FinalError_pct: -3.19
Duration_ms: 24918
Duration_s: 24.92
TimeTo90_ms: 19841
RiseTime_10_90_ms: 19107
TimeToTolerance_ms: 19841
SettlingTime_ms: 19841
SettlingTol_pct: 5.00
SettlingTol_g: 1.50
MaxMass_g: 29.66
MaxOvershoot_g: 0.00
MaxOvershoot_pct: 0.00
BridgingCount: 1
Status: AKURAT
Valid: TRUE
StopReason: TARGET
=== TRIAL END ===
--------------------------------------------
r=reset | g=ulangi | c=parameter
