======== PARAMETER AKTIF (Fixed PID) ========
Setpoint   : 30.0g
Kp         : 2.50
Ki         : 0.150
Kd         : 0.030
IntMax     : 30.0
SUDUT_MIN  : 20deg
SUDUT_BUKA : 40deg
EARLY_STOP : SP - 0.40g
STOP saat  : 29.6g
HAMMER_TH  : error > 3.0g
=================================================
RESET. Servo tutup. Tare selesai. Siap.
=== TRIAL START ===
Controller: Fixed PID
TrialNo: 3
Setpoint_g: 30.00
EarlyStop_g: 0.40
StopTarget_g: 29.60
Kp: 2.500
Ki: 0.150
Kd: 0.030
IntMax: 30.00
ServoMin_deg: 20
ServoMax_deg: 40
HammerThreshold_g: 3.00
Sampling_ms: 100
DataFormat: DATA,ms,mass_g,error_g,error_pct,output,servo_deg,zone,I,D,bridging_count
=== DATA START ===
DATA,100,0.26,29.74,99.1,83.7,36,Z1,2.974,297.355,0
DATA,218,0.37,29.63,98.8,74.9,34,Z1,5.937,-1.047,0
DATA,476,1.94,28.06,93.5,71.0,33,Z1,8.743,-15.712,0
DATA,735,3.32,26.68,88.9,68.0,33,Z1,11.410,-13.807,0
DATA,993,3.16,26.84,89.5,69.3,33,Z1,14.094,1.573,0
DATA,1251,3.20,26.80,89.3,69.5,33,Z1,16.774,-0.370,0
DATA,1509,3.18,26.82,89.4,70.0,33,Z1,19.456,0.218,0
DATA,1768,3.19,26.81,89.4,70.3,33,Z1,22.137,-0.148,0
DATA,2026,3.17,26.83,89.4,70.8,33,Z1,24.819,0.192,0
DATA,2284,3.19,26.81,89.4,71.1,34,Z1,27.500,-0.170,0
DATA,2542,5.73,24.27,80.9,64.4,32,Z1,29.927,-25.427,0
DATA,2800,7.33,22.67,75.6,60.7,31,Z1,30.000,-15.986,0
DATA,3059,8.49,21.51,71.7,57.9,31,Z1,30.000,-11.554,0
DATA,3317,9.13,20.87,69.6,56.5,31,Z1,30.000,-6.433,0
DATA,3575,9.01,20.99,70.0,57.0,31,Z1,30.000,1.191,0
DATA,3833,9.03,20.97,69.9,56.9,31,Z1,30.000,-0.152,0
DATA,4092,9.10,20.90,69.7,56.7,31,Z1,30.000,-0.762,0
DATA,4350,9.11,20.89,69.6,56.7,31,Z1,30.000,-0.022,0
DATA,4608,12.09,17.91,59.7,48.4,29,Z1,30.000,-29.882,0
DATA,4866,15.15,14.85,49.5,40.7,27,Z2,30.000,-30.562,0
DATA,5124,14.74,15.26,50.9,42.8,28,Z1,30.000,4.084,0
DATA,5383,14.81,15.19,50.6,42.5,28,Z1,30.000,-0.629,0
DATA,5641,15.17,14.83,49.4,41.5,28,Z2,30.000,-3.644,0
DATA,5899,15.61,14.39,48.0,40.3,27,Z2,30.000,-4.417,0
DATA,6157,15.43,14.57,48.6,41.0,27,Z2,30.000,1.790,0
DATA,6416,15.53,14.47,48.2,40.7,27,Z2,30.000,-0.958,0
DATA,6674,16.65,13.35,44.5,37.5,27,Z2,30.000,-11.180,0
DATA,6932,18.85,11.15,37.2,31.7,26,Z2,30.000,-22.064,0
DATA,7190,18.89,11.11,37.0,32.3,26,Z2,30.000,-0.359,0
DATA,7448,18.79,11.21,37.4,32.5,26,Z2,30.000,0.940,0
DATA,7707,18.83,11.17,37.2,32.4,26,Z2,30.000,-0.348,0
DATA,7965,18.96,11.04,36.8,32.0,26,Z2,30.000,-1.358,0
DATA,8223,18.93,11.07,36.9,32.2,26,Z2,30.000,0.396,0
DATA,8481,18.85,11.15,37.2,32.4,26,Z2,30.000,0.744,0
DATA,8739,19.30,10.70,35.7,31.1,26,Z2,30.000,-4.514,0
DATA,8998,19.59,10.41,34.7,30.4,25,Z2,30.000,-2.922,0
DATA,9256,19.61,10.39,34.6,30.5,25,Z2,30.000,-0.185,0
DATA,9514,19.61,10.39,34.6,30.5,25,Z2,30.000,0.004,0
DATA,9772,19.66,10.34,34.5,30.3,25,Z2,30.000,-0.481,0
DATA,10031,19.62,10.38,34.6,30.5,25,Z2,30.000,0.388,0
DATA,10289,19.65,10.35,34.5,30.4,25,Z2,30.000,-0.292,0
DATA,10547,19.63,10.37,34.6,30.4,25,Z2,30.000,0.185,0
DATA,10805,19.79,10.21,34.0,30.0,25,Z2,30.000,-1.532,0
DATA,11063,19.80,10.20,34.0,30.0,25,Z2,30.000,-0.096,0
DATA,11322,19.79,10.21,34.0,30.0,25,Z2,30.000,0.056,0
DATA,11580,19.81,10.19,34.0,30.0,25,Z2,30.000,-0.233,0
DATA,11838,19.80,10.20,34.0,30.0,25,Z2,30.000,0.181,0
DATA,12096,19.82,10.18,33.9,29.9,25,Z2,30.000,-0.285,0
BRIDGING #1 @19.79g hammer
DATA,12355,19.79,10.21,34.0,30.0,5,Z2,30.000,0.307,1
DATA,12613,19.80,10.20,34.0,30.0,25,Z2,30.000,-0.070,1
DATA,12871,19.81,10.19,34.0,30.0,25,Z2,30.000,-0.056,1
DATA,13129,19.80,10.20,34.0,30.0,25,Z2,30.000,0.029,1
DATA,13387,20.44,9.56,31.9,28.2,25,Z2,30.000,-6.341,1
DATA,13645,22.19,7.81,26.0,23.5,24,Z2,30.000,-17.499,1
DATA,13904,23.46,6.54,21.8,20.5,23,Z2,30.000,-12.782,1
DATA,14162,23.55,6.45,21.5,20.6,23,Z2,30.000,-0.836,1
DATA,14420,23.55,6.45,21.5,20.6,23,Z2,30.000,0.022,1
DATA,14678,23.34,6.66,22.2,21.2,24,Z2,30.000,2.075,1
DATA,14937,23.43,6.57,21.9,20.9,23,Z2,30.000,-0.951,1
DATA,15195,24.19,5.81,19.4,18.8,23,Z2,30.000,-7.521,1
DATA,15453,24.32,5.68,18.9,18.6,23,Z2,30.000,-1.380,1
DATA,15711,24.20,5.80,19.3,19.0,23,Z2,30.000,1.191,1
DATA,15969,24.28,5.72,19.1,18.8,23,Z2,30.000,-0.707,1
DATA,16228,24.20,5.80,19.3,19.0,23,Z2,30.000,0.773,1
DATA,16486,24.27,5.73,19.1,18.8,23,Z2,30.000,-0.755,1
DATA,16744,24.31,5.69,19.0,18.7,23,Z2,30.000,-0.377,1
DATA,17002,24.67,5.33,17.8,17.7,23,Z2,30.000,-3.577,1
DATA,17260,24.74,5.26,17.5,17.6,23,Z2,30.000,-0.718,1
DATA,17519,24.71,5.29,17.6,17.7,23,Z2,30.000,0.266,1
DATA,17777,24.84,5.16,17.2,17.4,23,Z2,30.000,-1.221,1
DATA,18035,24.97,5.03,16.8,17.0,23,Z2,30.000,-1.310,1
DATA,18293,24.99,5.01,16.7,17.0,23,Z2,30.000,-0.274,1
DATA,18552,24.90,5.10,17.0,17.3,23,Z2,30.000,0.988,1
DATA,18810,24.78,5.22,17.4,17.6,23,Z2,30.000,1.195,1
DATA,19068,24.99,5.01,16.7,17.0,23,Z2,30.000,-2.127,1
DATA,19326,25.17,4.83,16.1,16.5,23,Z2,30.000,-1.809,1
DATA,19584,25.30,4.70,15.7,16.2,23,Z2,30.000,-1.295,1
DATA,19843,25.28,4.72,15.7,16.3,23,Z2,30.000,0.159,1
DATA,20101,25.14,4.86,16.2,16.7,23,Z2,30.000,1.387,1
DATA,20359,25.23,4.77,15.9,16.4,23,Z2,30.000,-0.814,1
DATA,20617,25.24,4.76,15.9,16.4,23,Z2,30.000,-0.141,1
DATA,20876,25.15,4.85,16.2,16.7,23,Z2,30.000,0.914,1
DATA,21134,25.16,4.84,16.1,16.6,23,Z2,30.000,-0.082,1
DATA,21392,25.22,4.78,15.9,16.4,23,Z2,30.000,-0.610,1
BRIDGING #2 @25.19g hammer
DATA,21650,25.19,4.81,16.0,16.5,23,Z2,30.000,0.326,2
DATA,21909,25.21,4.79,16.0,16.5,23,Z2,30.000,-0.292,2
DATA,22166,25.47,4.53,15.1,15.8,22,Z2,30.000,-2.534,2
DATA,22425,25.33,4.67,15.6,16.2,23,Z2,30.000,1.350,2
DATA,22683,25.37,4.63,15.4,16.1,23,Z2,30.000,-0.362,2
DATA,22941,27.51,2.49,8.3,10.1,21,Z3,30.000,-21.362,2
DATA,23199,28.90,1.10,3.7,6.8,21,Z3,30.000,-13.921,2
--------------------------------------------
STOP       : TARGET
Setpoint   : 30.0g
Massa akhir: 29.63g
Error akhir: -0.37g
Error%     : -1.2%
Durasi     : 24920ms
Bridging   : 2x
STATUS     : AKURAT
=== SUMMARY TRIAL ===
Controller: Fixed PID
TrialNo: 3
Setpoint_g: 30.00
EarlyStop_g: 0.40
StopTarget_g: 29.60
Kp: 2.500
Ki: 0.150
Kd: 0.030
IntMax: 30.00
ServoMin_deg: 20
ServoMax_deg: 40
HammerThreshold_g: 3.00
FinalMass_g: 29.63
FinalError_g: -0.37
FinalError_pct: -1.23
Duration_ms: 24920
Duration_s: 24.92
TimeTo90_ms: 22941
RiseTime_10_90_ms: 22206
TimeToTolerance_ms: 23199
SettlingTime_ms: 23199
SettlingTol_pct: 5.00
SettlingTol_g: 1.50
MaxMass_g: 29.65
MaxOvershoot_g: 0.00
MaxOvershoot_pct: 0.00
BridgingCount: 2
Status: AKURAT
Valid: TRUE
StopReason: TARGET
=== TRIAL END ===
--------------------------------------------
r=reset | g=ulangi | c=parameter
