======== PARAMETER AKTIF (Fixed PID) ========
Setpoint   : 30.0g
Kp         : 2.50
Ki         : 0.150
Kd         : 0.030
IntMax     : 30.0
SUDUT_MIN  : 20deg
SUDUT_BUKA : 40deg
EARLY_STOP : SP - 0.40g
STOP saat  : 29.6g
HAMMER_TH  : error > 3.0g
=================================================
RESET. Servo tutup. Tare selesai. Siap.
=== TRIAL START ===
Controller: Fixed PID
TrialNo: 5
Setpoint_g: 30.00
EarlyStop_g: 0.40
StopTarget_g: 29.60
Kp: 2.500
Ki: 0.150
Kd: 0.030
IntMax: 30.00
ServoMin_deg: 20
ServoMax_deg: 40
HammerThreshold_g: 3.00
Sampling_ms: 100
DataFormat: DATA,ms,mass_g,error_g,error_pct,output,servo_deg,zone,I,D,bridging_count
=== DATA START ===
DATA,100,0.00,30.00,100.0,84.4,36,Z1,3.000,300.000,0
DATA,218,0.00,30.00,100.0,75.9,34,Z1,6.000,0.000,0
DATA,476,1.47,28.53,95.1,72.2,34,Z1,8.853,-14.713,0
DATA,734,4.74,25.26,84.2,63.9,32,Z1,11.379,-32.675,0
DATA,992,6.15,23.85,79.5,61.3,32,Z1,13.764,-14.136,0
DATA,1251,5.84,24.16,80.5,62.9,32,Z1,16.180,3.160,0
DATA,1509,5.90,24.10,80.3,63.0,32,Z1,18.590,-0.644,0
DATA,1767,5.92,24.08,80.3,63.3,32,Z1,20.998,-0.226,0
DATA,2025,6.02,23.98,79.9,63.4,32,Z1,23.396,-0.921,0
DATA,2284,6.03,23.97,79.9,63.8,32,Z1,25.793,-0.181,0
DATA,2542,7.98,22.02,73.4,58.7,31,Z1,27.994,-19.501,0
DATA,2800,8.18,21.82,72.7,59.0,31,Z1,30.000,-1.994,0
DATA,3058,8.25,21.75,72.5,58.9,31,Z1,30.000,-0.629,0
DATA,3316,8.15,21.85,72.8,59.2,31,Z1,30.000,0.962,0
DATA,3574,8.32,21.68,72.3,58.6,31,Z1,30.000,-1.735,0
DATA,3833,8.29,21.71,72.4,58.8,31,Z1,30.000,0.337,0
DATA,4091,8.29,21.71,72.4,58.8,31,Z1,30.000,0.033,0
DATA,4349,8.28,21.72,72.4,58.8,31,Z1,30.000,0.033,0
DATA,4607,8.47,21.53,71.8,58.3,31,Z1,30.000,-1.820,0
DATA,4865,8.64,21.36,71.2,57.8,31,Z1,30.000,-1.787,0
DATA,5124,8.61,21.39,71.3,58.0,31,Z1,30.000,0.351,0
DATA,5382,8.57,21.43,71.4,58.1,31,Z1,30.000,0.359,0
DATA,5640,8.64,21.36,71.2,57.9,31,Z1,30.000,-0.670,0
DATA,5898,8.64,21.36,71.2,57.9,31,Z1,30.000,-0.037,0
BRIDGING #1 @8.53g hammer
DATA,6157,8.53,21.47,71.6,58.2,31,Z1,30.000,1.128,1
DATA,6415,8.59,21.41,71.4,58.0,31,Z1,30.000,-0.607,1
DATA,6673,8.71,21.29,71.0,57.7,31,Z1,30.000,-1.143,1
DATA,6931,8.76,21.24,70.8,57.6,31,Z1,30.000,-0.511,1
DATA,7189,10.23,19.77,65.9,53.5,30,Z1,30.000,-14.765,1
DATA,7447,13.98,16.02,53.4,43.4,28,Z1,30.000,-37.451,1
DATA,7705,19.05,10.95,36.5,30.4,25,Z2,30.000,-50.707,1
DATA,7964,19.44,10.56,35.2,30.8,25,Z2,30.000,-3.925,1
DATA,8222,19.39,10.61,35.4,31.0,26,Z2,30.000,0.525,1
DATA,8480,19.51,10.49,35.0,30.7,25,Z2,30.000,-1.210,1
DATA,8738,19.41,10.59,35.3,31.0,25,Z2,30.000,0.951,1
DATA,8996,19.71,10.29,34.3,30.1,25,Z2,30.000,-2.960,1
DATA,9255,20.33,9.67,32.2,28.5,25,Z2,30.000,-6.234,1
DATA,9513,20.33,9.67,32.2,28.7,25,Z2,30.000,0.082,1
DATA,9771,20.33,9.67,32.2,28.7,25,Z2,30.000,-0.082,1
DATA,10029,20.36,9.64,32.1,28.6,25,Z2,30.000,-0.259,1
DATA,10288,20.56,9.44,31.5,28.0,25,Z2,30.000,-1.964,1
DATA,10546,20.37,9.63,32.1,28.6,25,Z2,30.000,1.828,1
DATA,10804,23.08,6.92,23.1,21.0,23,Z2,30.000,-27.033,1
DATA,11062,23.94,6.06,20.2,19.4,23,Z2,30.000,-8.653,1
DATA,11321,23.84,6.16,20.5,19.9,23,Z2,30.000,0.984,1
DATA,11579,23.81,6.19,20.6,20.0,23,Z2,30.000,0.333,1
DATA,11837,23.82,6.18,20.6,20.0,23,Z2,30.000,-0.081,1
DATA,12095,23.80,6.20,20.7,20.0,23,Z2,30.000,0.148,1
DATA,12353,23.80,6.20,20.7,20.0,23,Z2,30.000,0.082,1
DATA,12612,23.78,6.22,20.7,20.0,23,Z2,30.000,0.133,1
DATA,12870,24.98,5.02,16.7,16.7,23,Z2,30.000,-11.946,1
DATA,13128,25.93,4.07,13.6,14.4,22,Z3,30.000,-9.556,1
DATA,13386,25.90,4.10,13.7,14.8,22,Z3,30.000,0.348,1
DATA,13645,25.85,4.15,13.8,14.9,22,Z3,30.000,0.433,1
DATA,13903,25.86,4.14,13.8,14.8,22,Z3,30.000,-0.078,1
DATA,14161,25.87,4.13,13.8,14.8,22,Z3,30.000,-0.070,1
DATA,14419,25.84,4.16,13.9,14.9,22,Z3,30.000,0.252,1
DATA,14678,25.84,4.16,13.9,14.9,22,Z3,30.000,0.067,1
DATA,14936,26.21,3.79,12.6,13.9,22,Z3,30.000,-3.678,1
DATA,15194,26.61,3.39,11.3,12.9,22,Z3,30.000,-4.040,1
DATA,15452,26.67,3.33,11.1,12.8,22,Z3,30.000,-0.577,1
DATA,15710,26.66,3.34,11.1,12.9,22,Z3,30.000,0.093,1
DATA,15969,26.64,3.36,11.2,12.9,22,Z3,30.000,0.178,1
DATA,16227,26.70,3.30,11.0,12.7,22,Z3,30.000,-0.563,1
DATA,16485,26.74,3.26,10.9,12.6,22,Z3,30.000,-0.392,1
DATA,16743,26.80,3.20,10.7,12.5,22,Z3,30.000,-0.662,1
DATA,17002,28.24,1.76,5.9,8.5,21,Z3,30.000,-14.399,1
DATA,17260,29.20,0.80,2.7,6.2,21,Z3,30.000,-9.564,1
DATA,17518,29.24,0.76,2.5,6.4,21,Z3,30.000,-0.403,1
DATA,17776,29.27,0.73,2.4,6.3,21,Z3,30.000,-0.348,1
DATA,18034,29.31,0.69,2.3,6.2,21,Z3,30.000,-0.359,1
DATA,18293,29.34,0.66,2.2,6.1,21,Z3,30.000,-0.303,1
DATA,18551,29.17,0.83,2.8,6.6,21,Z3,30.000,1.687,1
DATA,18809,29.21,0.79,2.6,6.5,21,Z3,30.000,-0.407,1
--------------------------------------------
STOP       : TARGET
Setpoint   : 30.0g
Massa akhir: 30.06g
Error akhir: 0.06g
Error%     : 0.2%
Durasi     : 20530ms
Bridging   : 1x
STATUS     : AKURAT
=== SUMMARY TRIAL ===
Controller: Fixed PID
TrialNo: 5
Setpoint_g: 30.00
EarlyStop_g: 0.40
StopTarget_g: 29.60
Kp: 2.500
Ki: 0.150
Kd: 0.030
IntMax: 30.00
ServoMin_deg: 20
ServoMax_deg: 40
HammerThreshold_g: 3.00
FinalMass_g: 30.06
FinalError_g: 0.06
FinalError_pct: 0.21
Duration_ms: 20530
Duration_s: 20.53
TimeTo90_ms: 17002
RiseTime_10_90_ms: 16268
TimeToTolerance_ms: 17260
SettlingTime_ms: 17260
SettlingTol_pct: 5.00
SettlingTol_g: 1.50
MaxMass_g: 30.06
MaxOvershoot_g: 0.06
MaxOvershoot_pct: 0.21
BridgingCount: 1
Status: AKURAT
Valid: TRUE
StopReason: TARGET
=== TRIAL END ===
--------------------------------------------
r=reset | g=ulangi | c=parameter
