======== PARAMETER AKTIF (Fixed PID) ========
Setpoint   : 30.0g
Kp         : 2.50
Ki         : 0.150
Kd         : 0.030
IntMax     : 30.0
SUDUT_MIN  : 20deg
SUDUT_BUKA : 40deg
EARLY_STOP : SP - 0.40g
STOP saat  : 29.6g
HAMMER_TH  : error > 3.0g
=================================================
RESET. Servo tutup. Tare selesai. Siap.
=== TRIAL START ===
Controller: Fixed PID
TrialNo: 1
Setpoint_g: 30.00
EarlyStop_g: 0.40
StopTarget_g: 29.60
Kp: 2.500
Ki: 0.150
Kd: 0.030
IntMax: 30.00
ServoMin_deg: 20
ServoMax_deg: 40
HammerThreshold_g: 3.00
Sampling_ms: 100
DataFormat: DATA,ms,mass_g,error_g,error_pct,output,servo_deg,zone,I,D,bridging_count
=== DATA START ===
DATA,100,0.03,29.97,99.9,84.4,36,Z1,2.997,299.715,0
DATA,218,0.05,29.95,99.8,75.8,34,Z1,5.993,-0.178,0
DATA,476,1.99,28.01,93.4,70.8,33,Z1,8.793,-19.456,0
DATA,734,3.44,26.56,88.5,67.7,33,Z1,11.449,-14.528,0
DATA,992,3.24,26.76,89.2,69.1,33,Z1,14.125,2.038,0
DATA,1250,3.26,26.74,89.1,69.4,33,Z1,16.799,-0.189,0
DATA,1509,3.25,26.75,89.2,69.8,33,Z1,19.474,0.078,0
DATA,1767,3.28,26.72,89.1,70.1,33,Z1,22.146,-0.237,0
DATA,2025,3.22,26.78,89.3,70.7,33,Z1,24.824,0.566,0
DATA,2283,3.31,26.69,89.0,70.8,33,Z1,27.493,-0.914,0
DATA,2541,5.54,24.46,81.5,65.0,32,Z1,29.939,-22.279,0
DATA,2800,6.78,23.22,77.4,62.2,32,Z1,30.000,-12.375,0
DATA,3058,6.65,23.35,77.8,62.9,32,Z1,30.000,1.250,0
DATA,3316,6.62,23.38,77.9,63.0,32,Z1,30.000,0.311,0
DATA,3574,6.61,23.39,78.0,63.0,32,Z1,30.000,0.104,0
DATA,3833,6.56,23.44,78.1,63.1,32,Z1,30.000,0.492,0
DATA,4091,6.61,23.39,78.0,63.0,32,Z1,30.000,-0.452,0
DATA,4349,6.62,23.38,77.9,63.0,32,Z1,30.000,-0.114,0
DATA,4607,8.49,21.51,71.7,57.7,31,Z1,30.000,-18.731,0
DATA,4865,11.45,18.55,61.8,50.0,29,Z1,30.000,-29.619,0
DATA,5124,11.51,18.49,61.6,50.7,29,Z1,30.000,-0.566,0
DATA,5382,11.92,18.08,60.3,49.6,29,Z1,30.000,-4.092,0
DATA,5640,11.36,18.64,62.1,51.3,30,Z1,30.000,5.527,0
DATA,5898,11.26,18.74,62.5,51.4,30,Z1,30.000,1.069,0
DATA,6157,11.36,18.64,62.1,51.1,30,Z1,30.000,-1.006,0
DATA,6415,11.23,18.77,62.6,51.5,30,Z1,30.000,1.261,0
DATA,6673,13.43,16.57,55.2,45.3,28,Z1,30.000,-21.927,0
DATA,6931,17.19,12.81,42.7,35.4,26,Z2,30.000,-37.629,0
DATA,7189,17.32,12.68,42.3,36.2,27,Z2,30.000,-1.343,0
DATA,7448,17.19,12.81,42.7,36.6,27,Z2,30.000,1.280,0
DATA,7706,17.25,12.75,42.5,36.4,27,Z2,30.000,-0.525,0
DATA,7964,17.26,12.74,42.5,36.3,27,Z2,30.000,-0.159,0
DATA,8222,17.29,12.71,42.4,36.3,27,Z2,30.000,-0.300,0
DATA,8480,17.31,12.69,42.3,36.2,27,Z2,30.000,-0.166,0
DATA,8739,17.89,12.11,40.4,34.6,26,Z2,30.000,-5.846,0
DATA,8997,18.36,11.64,38.8,33.4,26,Z2,30.000,-4.706,0
DATA,9255,18.28,11.72,39.1,33.8,26,Z2,30.000,0.796,0
DATA,9513,18.27,11.73,39.1,33.8,26,Z2,30.000,0.185,0
DATA,9772,18.28,11.72,39.1,33.8,26,Z2,30.000,-0.093,0
DATA,10030,18.27,11.73,39.1,33.8,26,Z2,30.000,0.048,0
DATA,10288,18.29,11.71,39.0,33.8,26,Z2,30.000,-0.170,0
DATA,10546,18.27,11.73,39.1,33.8,26,Z2,30.000,0.148,0
DATA,10804,18.30,11.70,39.0,33.7,26,Z2,30.000,-0.244,0
DATA,11063,18.32,11.68,38.9,33.7,26,Z2,30.000,-0.240,0
DATA,11321,18.38,11.62,38.7,33.5,26,Z2,30.000,-0.548,0
DATA,11579,18.32,11.68,38.9,33.7,26,Z2,30.000,0.566,0
DATA,11837,18.31,11.69,39.0,33.7,26,Z2,30.000,0.129,0
DATA,12096,18.32,11.68,38.9,33.7,26,Z2,30.000,-0.122,0
BRIDGING #1 @18.35g hammer
DATA,12354,18.35,11.65,38.8,33.6,26,Z2,30.000,-0.348,1
DATA,12612,18.35,11.65,38.8,33.6,26,Z2,30.000,0.059,1
DATA,12870,18.34,11.66,38.9,33.7,26,Z2,30.000,0.089,1
DATA,13128,18.40,11.60,38.7,33.5,26,Z2,30.000,-0.592,1
DATA,13386,18.64,11.36,37.9,32.8,26,Z2,30.000,-2.408,1
DATA,13645,22.63,7.37,24.6,21.7,24,Z2,30.000,-39.871,1
DATA,13903,24.85,5.15,17.2,16.7,23,Z2,30.000,-22.268,1
DATA,14161,26.95,3.05,10.2,11.5,22,Z3,30.000,-20.966,1
DATA,14419,27.60,2.40,8.0,10.3,21,Z3,30.000,-6.471,1
DATA,14677,27.72,2.28,7.6,10.2,21,Z3,30.000,-1.254,1
DATA,14936,27.59,2.41,8.0,10.6,21,Z3,30.000,1.321,1
DATA,15194,27.77,2.23,7.4,10.0,21,Z3,30.000,-1.809,1
DATA,15452,27.65,2.35,7.8,10.4,21,Z3,30.000,1.202,1
DATA,15710,27.72,2.28,7.6,10.2,21,Z3,30.000,-0.721,1
DATA,15969,27.42,2.58,8.6,11.0,22,Z3,30.000,2.978,1
DATA,16227,27.55,2.45,8.2,10.6,21,Z3,30.000,-1.276,1
DATA,16485,27.86,2.14,7.1,9.7,21,Z3,30.000,-3.108,1
DATA,16743,27.87,2.13,7.1,9.8,21,Z3,30.000,-0.085,1
DATA,17001,28.00,2.00,6.7,9.5,21,Z3,30.000,-1.273,1
DATA,17260,28.04,1.96,6.5,9.4,21,Z3,30.000,-0.448,1
DATA,17518,28.09,1.91,6.4,9.3,21,Z3,30.000,-0.447,1
DATA,17776,28.05,1.95,6.5,9.4,21,Z3,30.000,0.411,1
DATA,18034,28.04,1.96,6.5,9.4,21,Z3,30.000,0.107,1
DATA,18292,28.02,1.98,6.6,9.5,21,Z3,30.000,0.189,1
DATA,18551,28.05,1.95,6.5,9.4,21,Z3,30.000,-0.333,1
DATA,18809,28.06,1.94,6.5,9.3,21,Z3,30.000,-0.115,1
DATA,19067,28.05,1.95,6.5,9.4,21,Z3,30.000,0.159,1
DATA,19325,28.10,1.90,6.3,9.2,21,Z3,30.000,-0.581,1
DATA,19583,28.16,1.84,6.1,9.1,21,Z3,30.000,-0.547,1
DATA,19842,28.11,1.89,6.3,9.2,21,Z3,30.000,0.492,1
DATA,20100,28.10,1.90,6.3,9.3,21,Z3,30.000,0.093,1
DATA,20358,28.12,1.88,6.3,9.2,21,Z3,30.000,-0.226,1
DATA,20616,28.14,1.86,6.2,9.1,21,Z3,30.000,-0.200,1
DATA,20875,28.06,1.94,6.5,9.4,21,Z3,30.000,0.844,1
DATA,21133,28.15,1.85,6.2,9.1,21,Z3,30.000,-0.858,1
DATA,21391,28.24,1.76,5.9,8.9,21,Z3,30.000,-0.914,1
DATA,21649,28.14,1.86,6.2,9.2,21,Z3,30.000,0.947,1
DATA,21907,28.39,1.61,5.4,8.4,21,Z3,30.000,-2.523,1
DATA,22166,28.28,1.72,5.7,8.8,21,Z3,30.000,1.139,1
DATA,22424,28.10,1.90,6.3,9.3,21,Z3,30.000,1.754,1
DATA,22682,28.04,1.96,6.5,9.4,21,Z3,30.000,0.636,1
DATA,22940,28.22,1.78,5.9,8.9,21,Z3,30.000,-1.787,1
DATA,23199,28.14,1.86,6.2,9.2,21,Z3,30.000,0.810,1
DATA,23457,28.08,1.92,6.4,9.3,21,Z3,30.000,0.625,1
DATA,23715,28.02,1.98,6.6,9.5,21,Z3,30.000,0.562,1
DATA,23973,28.09,1.91,6.4,9.2,21,Z3,30.000,-0.740,1
DATA,24231,28.13,1.87,6.2,9.2,21,Z3,30.000,-0.337,1
DATA,24490,28.08,1.92,6.4,9.3,21,Z3,30.000,0.496,1
DATA,24748,27.94,2.06,6.9,9.7,21,Z3,30.000,1.410,1
DATA,25006,28.06,1.94,6.5,9.3,21,Z3,30.000,-1.243,1
DATA,25264,28.10,1.90,6.3,9.2,21,Z3,30.000,-0.359,1
DATA,25522,28.18,1.82,6.1,9.0,21,Z3,30.000,-0.788,1
DATA,25781,28.23,1.77,5.9,8.9,21,Z3,30.000,-0.563,1
DATA,26039,28.15,1.85,6.2,9.2,21,Z3,30.000,0.870,1
DATA,26297,28.16,1.84,6.1,9.1,21,Z3,30.000,-0.189,1
DATA,26555,28.20,1.80,6.0,9.0,21,Z3,30.000,-0.351,1
DATA,26814,28.19,1.81,6.0,9.0,21,Z3,30.000,0.126,1
DATA,27072,28.16,1.84,6.1,9.1,21,Z3,30.000,0.255,1
DATA,27330,28.21,1.79,6.0,9.0,21,Z3,30.000,-0.459,1
DATA,27588,28.19,1.81,6.0,9.0,21,Z3,30.000,0.214,1
DATA,27846,28.17,1.83,6.1,9.1,21,Z3,30.000,0.137,1
DATA,28105,28.19,1.81,6.0,9.0,21,Z3,30.000,-0.163,1
DATA,28363,28.25,1.75,5.8,8.9,21,Z3,30.000,-0.588,1
DATA,28621,28.18,1.82,6.1,9.1,21,Z3,30.000,0.662,1
DATA,28879,28.18,1.82,6.1,9.0,21,Z3,30.000,-0.015,1
DATA,29138,28.17,1.83,6.1,9.1,21,Z3,30.000,0.074,1
DATA,29396,28.19,1.81,6.0,9.0,21,Z3,30.000,-0.181,1
DATA,29654,28.21,1.79,6.0,9.0,21,Z3,30.000,-0.155,1
DATA,29912,28.23,1.77,5.9,8.9,21,Z3,30.000,-0.174,1
DATA,30170,28.28,1.72,5.7,8.8,21,Z3,30.000,-0.563,1
DATA,30429,28.19,1.81,6.0,9.0,21,Z3,30.000,0.888,1
DATA,30687,28.15,1.85,6.2,9.1,21,Z3,30.000,0.429,1
DATA,30945,28.13,1.87,6.2,9.2,21,Z3,30.000,0.240,1
DATA,31203,28.10,1.90,6.3,9.3,21,Z3,30.000,0.259,1
DATA,31461,28.18,1.82,6.1,9.0,21,Z3,30.000,-0.844,1
DATA,31720,28.35,1.65,5.5,8.6,21,Z3,30.000,-1.620,1
DATA,31978,28.22,1.78,5.9,9.0,21,Z3,30.000,1.243,1
DATA,32236,28.06,1.94,6.5,9.4,21,Z3,30.000,1.661,1
DATA,32494,28.01,1.99,6.6,9.5,21,Z3,30.000,0.433,1
DATA,32752,28.05,1.95,6.5,9.4,21,Z3,30.000,-0.374,1
DATA,33011,27.80,2.20,7.3,10.1,21,Z3,30.000,2.542,1
DATA,33269,27.99,2.01,6.7,9.5,21,Z3,30.000,-1.928,1
DATA,33527,28.02,1.98,6.6,9.4,21,Z3,30.000,-0.281,1
DATA,33785,28.12,1.88,6.3,9.2,21,Z3,30.000,-0.995,1
DATA,34043,28.13,1.87,6.2,9.2,21,Z3,30.000,-0.163,1
DATA,34302,28.16,1.84,6.1,9.1,21,Z3,30.000,-0.218,1
DATA,34560,28.11,1.89,6.3,9.2,21,Z3,30.000,0.488,1
DATA,34818,28.13,1.87,6.2,9.2,21,Z3,30.000,-0.244,1
DATA,35076,28.11,1.89,6.3,9.2,21,Z3,30.000,0.240,1
DATA,35335,28.11,1.89,6.3,9.2,21,Z3,30.000,-0.074,1
DATA,35593,28.08,1.92,6.4,9.3,21,Z3,30.000,0.300,1
DATA,35851,28.19,1.81,6.0,9.0,21,Z3,30.000,-1.054,1
DATA,36109,28.19,1.81,6.0,9.0,21,Z3,30.000,-0.019,1
DATA,36367,28.10,1.90,6.3,9.3,21,Z3,30.000,0.932,1
DATA,36626,28.19,1.81,6.0,9.0,21,Z3,30.000,-0.917,1
DATA,36884,28.18,1.82,6.1,9.1,21,Z3,30.000,0.111,1
DATA,37142,28.18,1.82,6.1,9.1,21,Z3,30.000,0.018,1
DATA,37400,28.27,1.73,5.8,8.8,21,Z3,30.000,-0.973,1
DATA,37659,28.27,1.73,5.8,8.8,21,Z3,30.000,0.026,1
DATA,37917,28.11,1.89,6.3,9.3,21,Z3,30.000,1.650,1
DATA,38175,28.06,1.94,6.5,9.4,21,Z3,30.000,0.448,1
DATA,38433,28.45,1.55,5.2,8.2,21,Z3,30.000,-3.914,1
DATA,38691,28.46,1.54,5.1,8.4,21,Z3,30.000,-0.059,1
DATA,38950,28.54,1.46,4.9,8.1,21,Z3,30.000,-0.836,1
DATA,39208,28.20,1.80,6.0,9.1,21,Z3,30.000,3.403,1
DATA,39466,28.65,1.35,4.5,7.7,21,Z3,30.000,-4.480,1
DATA,39724,28.35,1.65,5.5,8.7,21,Z3,30.000,3.015,1
DATA,39982,28.20,1.80,6.0,9.0,21,Z3,30.000,1.498,1
DATA,40241,28.30,1.70,5.7,8.7,21,Z3,30.000,-0.977,1
DATA,40499,28.30,1.70,5.7,8.7,21,Z3,30.000,-0.063,1
DATA,40757,28.16,1.84,6.1,9.1,21,Z3,30.000,1.410,1
DATA,41015,28.23,1.77,5.9,8.9,21,Z3,30.000,-0.659,1
DATA,41274,28.12,1.88,6.3,9.2,21,Z3,30.000,1.043,1
DATA,41532,28.19,1.81,6.0,9.0,21,Z3,30.000,-0.699,1
DATA,41790,28.16,1.84,6.1,9.1,21,Z3,30.000,0.307,1
DATA,42048,28.11,1.89,6.3,9.2,21,Z3,30.000,0.536,1
DATA,42306,28.14,1.86,6.2,9.1,21,Z3,30.000,-0.277,1
DATA,42565,28.21,1.79,6.0,9.0,21,Z3,30.000,-0.725,1
DATA,42823,28.15,1.85,6.2,9.1,21,Z3,30.000,0.592,1
DATA,43081,28.21,1.79,6.0,9.0,21,Z3,30.000,-0.614,1
DATA,43339,28.26,1.74,5.8,8.8,21,Z3,30.000,-0.463,1
DATA,43598,28.23,1.77,5.9,8.9,21,Z3,30.000,0.248,1
DATA,43856,28.18,1.82,6.1,9.1,21,Z3,30.000,0.522,1
DATA,44114,28.23,1.77,5.9,8.9,21,Z3,30.000,-0.473,1
DATA,44372,28.23,1.77,5.9,8.9,21,Z3,30.000,-0.026,1
DATA,44630,28.17,1.83,6.1,9.1,21,Z3,30.000,0.588,1
DATA,44889,28.22,1.78,5.9,8.9,21,Z3,30.000,-0.470,1
DATA,45147,28.22,1.78,5.9,8.9,21,Z3,30.000,-0.026,1
DATA,45405,28.17,1.83,6.1,9.1,21,Z3,30.000,0.496,1
DATA,45663,28.15,1.85,6.2,9.1,21,Z3,30.000,0.222,1
DATA,45921,28.17,1.83,6.1,9.1,21,Z3,30.000,-0.251,1
DATA,46180,28.19,1.81,6.0,9.0,21,Z3,30.000,-0.144,1
DATA,46438,28.20,1.80,6.0,9.0,21,Z3,30.000,-0.122,1
DATA,46696,28.20,1.80,6.0,9.0,21,Z3,30.000,0.026,1
DATA,46954,28.20,1.80,6.0,9.0,21,Z3,30.000,-0.044,1
DATA,47212,28.26,1.74,5.8,8.8,21,Z3,30.000,-0.607,1
DATA,47471,28.15,1.85,6.2,9.1,21,Z3,30.000,1.106,1
DATA,47729,28.16,1.84,6.1,9.1,21,Z3,30.000,-0.022,1
DATA,47987,28.22,1.78,5.9,8.9,21,Z3,30.000,-0.622,1
DATA,48245,28.35,1.65,5.5,8.6,21,Z3,30.000,-1.317,1
DATA,48503,28.39,1.61,5.4,8.5,21,Z3,30.000,-0.403,1
DATA,48762,28.18,1.82,6.1,9.1,21,Z3,30.000,2.072,1
DATA,49020,27.72,2.28,7.6,10.3,21,Z3,30.000,4.628,1
DATA,49278,27.77,2.23,7.4,10.0,21,Z3,30.000,-0.540,1
DATA,49536,27.96,2.04,6.8,9.5,21,Z3,30.000,-1.887,1
DATA,49795,28.01,1.99,6.6,9.5,21,Z3,30.000,-0.473,1
DATA,50053,28.11,1.89,6.3,9.2,21,Z3,30.000,-0.999,1
DATA,50311,28.08,1.92,6.4,9.3,21,Z3,30.000,0.259,1
DATA,50569,28.16,1.84,6.1,9.1,21,Z3,30.000,-0.721,1
DATA,50827,28.28,1.72,5.7,8.8,21,Z3,30.000,-1.199,1
DATA,51086,28.26,1.74,5.8,8.8,21,Z3,30.000,0.129,1
DATA,51344,28.27,1.73,5.8,8.8,21,Z3,30.000,-0.093,1
DATA,51602,28.25,1.75,5.8,8.9,21,Z3,30.000,0.181,1
DATA,51860,28.28,1.72,5.7,8.8,21,Z3,30.000,-0.218,1
DATA,52119,28.25,1.75,5.8,8.9,21,Z3,30.000,0.274,1
DATA,52377,28.23,1.77,5.9,8.9,21,Z3,30.000,0.207,1
DATA,52635,28.25,1.75,5.8,8.9,21,Z3,30.000,-0.240,1
DATA,52893,28.25,1.75,5.8,8.9,21,Z3,30.000,-0.004,1
DATA,53151,28.27,1.73,5.8,8.8,21,Z3,30.000,-0.159,1
DATA,53410,28.22,1.78,5.9,9.0,21,Z3,30.000,0.477,1
DATA,53668,28.30,1.70,5.7,8.7,21,Z3,30.000,-0.829,1
DATA,53926,28.28,1.72,5.7,8.8,21,Z3,30.000,0.270,1
DATA,54184,28.29,1.71,5.7,8.8,21,Z3,30.000,-0.111,1
DATA,54442,28.26,1.74,5.8,8.8,21,Z3,30.000,0.226,1
DATA,54701,28.32,1.68,5.6,8.7,21,Z3,30.000,-0.511,1
DATA,54959,28.32,1.68,5.6,8.7,21,Z3,30.000,-0.004,1
DATA,55217,28.27,1.73,5.8,8.9,21,Z3,30.000,0.507,1
DATA,55475,28.37,1.63,5.4,8.5,21,Z3,30.000,-1.058,1
DATA,55734,28.38,1.62,5.4,8.5,21,Z3,30.000,-0.122,1
DATA,55992,28.33,1.67,5.6,8.7,21,Z3,30.000,0.503,1
DATA,56250,28.39,1.61,5.4,8.5,21,Z3,30.000,-0.529,1
DATA,56508,28.30,1.70,5.7,8.8,21,Z3,30.000,0.899,1
DATA,56766,28.35,1.65,5.5,8.6,21,Z3,30.000,-0.544,1
DATA,57025,28.37,1.63,5.4,8.6,21,Z3,30.000,-0.240,1
DATA,57283,28.45,1.55,5.2,8.4,21,Z3,30.000,-0.759,1
DATA,57541,28.26,1.74,5.8,8.9,21,Z3,30.000,1.938,1
DATA,57799,28.35,1.65,5.5,8.6,21,Z3,30.000,-0.962,1
DATA,58058,28.32,1.68,5.6,8.7,21,Z3,30.000,0.307,1
DATA,58316,28.28,1.72,5.7,8.8,21,Z3,30.000,0.377,1
DATA,58574,28.26,1.74,5.8,8.8,21,Z3,30.000,0.211,1
DATA,58832,28.30,1.70,5.7,8.8,21,Z3,30.000,-0.322,1
DATA,59090,28.25,1.75,5.8,8.9,21,Z3,30.000,0.455,1
DATA,59349,28.22,1.78,5.9,9.0,21,Z3,30.000,0.322,1
DATA,59607,28.22,1.78,5.9,8.9,21,Z3,30.000,-0.022,1
DATA,59865,28.25,1.75,5.8,8.9,21,Z3,30.000,-0.303,1
DATA,60123,28.22,1.78,5.9,8.9,21,Z3,30.000,0.255,1
DATA,60382,28.26,1.74,5.8,8.8,21,Z3,30.000,-0.366,1
DATA,60640,28.28,1.72,5.7,8.8,21,Z3,30.000,-0.211,1
DATA,60898,28.25,1.75,5.8,8.9,21,Z3,30.000,0.322,1
DATA,61156,28.27,1.73,5.8,8.8,21,Z3,30.000,-0.189,1
DATA,61414,28.31,1.69,5.6,8.7,21,Z3,30.000,-0.440,1
DATA,61673,28.29,1.71,5.7,8.8,21,Z3,30.000,0.185,1
DATA,61931,28.30,1.70,5.7,8.7,21,Z3,30.000,-0.070,1
DATA,62189,28.31,1.69,5.6,8.7,21,Z3,30.000,-0.044,1
DATA,62447,28.28,1.72,5.7,8.8,21,Z3,30.000,0.255,1
DATA,62705,28.30,1.70,5.7,8.7,21,Z3,30.000,-0.229,1
DATA,62964,28.29,1.71,5.7,8.8,21,Z3,30.000,0.103,1
DATA,63222,28.25,1.75,5.8,8.9,21,Z3,30.000,0.437,1
DATA,63480,28.29,1.71,5.7,8.8,21,Z3,30.000,-0.403,1
DATA,63738,28.32,1.68,5.6,8.7,21,Z3,30.000,-0.333,1
DATA,63997,28.33,1.67,5.6,8.7,21,Z3,30.000,-0.018,1
DATA,64255,28.24,1.76,5.9,8.9,21,Z3,30.000,0.862,1
DATA,64513,28.30,1.70,5.7,8.7,21,Z3,30.000,-0.629,1
DATA,64771,28.58,1.42,4.7,8.0,21,Z3,30.000,-2.734,1
DATA,65029,28.59,1.41,4.7,8.0,21,Z3,30.000,-0.170,1
DATA,65288,28.70,1.30,4.3,7.7,21,Z3,30.000,-1.058,1
DATA,65546,28.52,1.48,4.9,8.2,21,Z3,30.000,1.743,1
DATA,65804,28.55,1.45,4.8,8.1,21,Z3,30.000,-0.215,1
DATA,66062,28.25,1.75,5.8,9.0,21,Z3,30.000,2.938,1
DATA,66321,28.29,1.71,5.7,8.7,21,Z3,30.000,-0.433,1
DATA,66579,28.36,1.64,5.5,8.6,21,Z3,30.000,-0.666,1
DATA,66837,28.47,1.53,5.1,8.3,21,Z3,30.000,-1.091,1
DATA,67095,28.51,1.49,5.0,8.2,21,Z3,30.000,-0.351,1
DATA,67353,28.45,1.55,5.2,8.4,21,Z3,30.000,0.529,1
DATA,67612,28.46,1.54,5.1,8.3,21,Z3,30.000,-0.096,1
DATA,67870,28.46,1.54,5.1,8.4,21,Z3,30.000,0.059,1
DATA,68128,28.49,1.51,5.0,8.3,21,Z3,30.000,-0.336,1
DATA,68386,28.55,1.45,4.8,8.1,21,Z3,30.000,-0.633,1
DATA,68644,28.59,1.41,4.7,8.0,21,Z3,30.000,-0.318,1
DATA,68903,28.54,1.46,4.9,8.2,21,Z3,30.000,0.440,1
DATA,69161,28.54,1.46,4.9,8.2,21,Z3,30.000,0.022,1
DATA,69419,28.48,1.52,5.1,8.3,21,Z3,30.000,0.614,1
DATA,69677,28.54,1.46,4.9,8.1,21,Z3,30.000,-0.625,1
DATA,69935,28.51,1.49,5.0,8.2,21,Z3,30.000,0.277,1
DATA,70194,28.49,1.51,5.0,8.3,21,Z3,30.000,0.222,1
DATA,70452,28.51,1.49,5.0,8.2,21,Z3,30.000,-0.200,1
DATA,70710,28.48,1.52,5.1,8.3,21,Z3,30.000,0.281,1
DATA,70968,28.45,1.55,5.2,8.4,21,Z3,30.000,0.326,1
DATA,71226,28.50,1.50,5.0,8.2,21,Z3,30.000,-0.529,1
DATA,71485,28.60,1.40,4.7,8.0,21,Z3,30.000,-0.995,1
DATA,71743,28.61,1.39,4.6,8.0,21,Z3,30.000,-0.074,1
DATA,72001,28.53,1.47,4.9,8.2,21,Z3,30.000,0.832,1
DATA,72259,28.51,1.49,5.0,8.2,21,Z3,30.000,0.129,1
DATA,72518,28.63,1.37,4.6,7.9,21,Z3,30.000,-1.121,1
DATA,72776,28.96,1.04,3.5,7.0,21,Z3,30.000,-3.337,1
DATA,73034,28.80,1.20,4.0,7.6,21,Z3,30.000,1.613,1
DATA,73292,28.38,1.62,5.4,8.7,21,Z3,30.000,4.192,1
DATA,73550,28.47,1.53,5.1,8.3,21,Z3,30.000,-0.928,1
DATA,73809,28.73,1.27,4.2,7.6,21,Z3,30.000,-2.542,1
DATA,74067,28.53,1.47,4.9,8.2,21,Z3,30.000,1.935,1
DATA,74325,28.48,1.52,5.1,8.3,21,Z3,30.000,0.499,1
DATA,74583,28.66,1.34,4.5,7.8,21,Z3,30.000,-1.776,1
DATA,74841,28.58,1.42,4.7,8.1,21,Z3,30.000,0.825,1
DATA,75100,28.58,1.42,4.7,8.1,21,Z3,30.000,-0.007,1
DATA,75358,28.56,1.44,4.8,8.1,21,Z3,30.000,0.189,1
DATA,75616,28.60,1.40,4.7,8.0,21,Z3,30.000,-0.396,1
DATA,75874,28.57,1.43,4.8,8.1,21,Z3,30.000,0.270,1
DATA,76132,28.52,1.48,4.9,8.2,21,Z3,30.000,0.555,1
DATA,76391,28.49,1.51,5.0,8.3,21,Z3,30.000,0.248,1
DATA,76649,28.52,1.48,4.9,8.2,21,Z3,30.000,-0.322,1
DATA,76907,28.52,1.48,4.9,8.2,21,Z3,30.000,0.033,1
DATA,77165,28.57,1.43,4.8,8.1,21,Z3,30.000,-0.466,1
DATA,77423,28.59,1.41,4.7,8.0,21,Z3,30.000,-0.192,1
DATA,77681,28.65,1.35,4.5,7.9,21,Z3,30.000,-0.636,1
DATA,77940,28.71,1.29,4.3,7.7,21,Z3,30.000,-0.625,1
DATA,78198,28.67,1.33,4.4,7.8,21,Z3,30.000,0.392,1
DATA,78456,28.63,1.37,4.6,7.9,21,Z3,30.000,0.381,1
DATA,78714,28.69,1.31,4.4,7.7,21,Z3,30.000,-0.584,1
DATA,78972,29.17,0.83,2.8,6.4,21,Z3,30.000,-4.743,1
--------------------------------------------
STOP       : TARGET
Setpoint   : 30.0g
Massa akhir: 29.78g
Error akhir: -0.22g
Error%     : -0.7%
Durasi     : 80692ms
Bridging   : 1x
STATUS     : AKURAT
=== SUMMARY TRIAL ===
Controller: Fixed PID
TrialNo: 1
Setpoint_g: 30.00
EarlyStop_g: 0.40
StopTarget_g: 29.60
Kp: 2.500
Ki: 0.150
Kd: 0.030
IntMax: 30.00
ServoMin_deg: 20
ServoMax_deg: 40
HammerThreshold_g: 3.00
FinalMass_g: 29.78
FinalError_g: -0.22
FinalError_pct: -0.72
Duration_ms: 80692
Duration_s: 80.69
TimeTo90_ms: 14419
RiseTime_10_90_ms: 13685
TimeToTolerance_ms: 38950
SettlingTime_ms: 76649
SettlingTol_pct: 5.00
SettlingTol_g: 1.50
MaxMass_g: 29.78
MaxOvershoot_g: 0.00
MaxOvershoot_pct: 0.00
BridgingCount: 1
Status: AKURAT
Valid: TRUE
StopReason: TARGET
=== TRIAL END ===
--------------------------------------------
r=reset | g=ulangi | c=parameter
