======== PARAMETER AKTIF (Fixed PID) ========
Setpoint   : 30.0g
Kp         : 2.50
Ki         : 0.150
Kd         : 0.030
IntMax     : 30.0
SUDUT_MIN  : 20deg
SUDUT_BUKA : 40deg
EARLY_STOP : SP - 0.40g
STOP saat  : 29.6g
HAMMER_TH  : error > 3.0g
=================================================
RESET. Servo tutup. Tare selesai. Siap.
=== TRIAL START ===
Controller: Fixed PID
TrialNo: 6
Setpoint_g: 30.00
EarlyStop_g: 0.40
StopTarget_g: 29.60
Kp: 2.500
Ki: 0.150
Kd: 0.030
IntMax: 30.00
ServoMin_deg: 20
ServoMax_deg: 40
HammerThreshold_g: 3.00
Sampling_ms: 100
DataFormat: DATA,ms,mass_g,error_g,error_pct,output,servo_deg,zone,I,D,bridging_count
=== DATA START ===
DATA,100,0.08,29.92,99.7,84.2,36,Z1,2.992,299.241,0
DATA,218,0.05,29.95,99.8,75.8,34,Z1,5.987,0.244,0
DATA,476,0.69,29.31,97.7,74.4,34,Z1,8.918,-6.415,0
DATA,735,1.15,28.85,96.2,73.8,34,Z1,11.803,-4.536,0
DATA,993,1.13,28.87,96.2,74.4,34,Z1,14.690,0.166,0
DATA,1251,1.14,28.86,96.2,74.8,34,Z1,17.576,-0.100,0
DATA,1509,1.13,28.87,96.2,75.3,34,Z1,20.464,0.137,0
DATA,1767,1.11,28.89,96.3,75.7,34,Z1,23.353,0.207,0
DATA,2026,1.11,28.89,96.3,76.2,35,Z1,26.243,-0.004,0
DATA,2284,1.14,28.86,96.2,76.5,35,Z1,29.129,-0.325,0
DATA,2542,4.68,25.32,84.4,66.7,33,Z1,30.000,-35.442,0
DATA,2800,6.51,23.49,78.3,62.7,32,Z1,30.000,-18.239,0
DATA,3059,6.88,23.12,77.1,62.2,32,Z1,30.000,-3.707,0
DATA,3317,6.91,23.09,77.0,62.2,32,Z1,30.000,-0.348,0
DATA,3575,6.95,23.05,76.8,62.1,32,Z1,30.000,-0.385,0
DATA,3833,6.82,23.18,77.3,62.5,32,Z1,30.000,1.306,0
DATA,4091,6.90,23.10,77.0,62.2,32,Z1,30.000,-0.766,0
DATA,4350,6.83,23.17,77.2,62.4,32,Z1,30.000,0.681,0
DATA,4608,7.39,22.61,75.4,60.8,31,Z1,30.000,-5.653,0
DATA,4866,10.52,19.48,64.9,52.2,30,Z1,30.000,-31.310,0
DATA,5124,13.55,16.45,54.8,44.7,28,Z1,30.000,-30.277,0
DATA,5383,13.84,16.16,53.9,44.8,28,Z1,30.000,-2.882,0
DATA,5641,14.26,15.74,52.5,43.7,28,Z1,30.000,-4.180,0
DATA,5899,15.01,14.99,50.0,41.7,28,Z2,30.000,-7.536,0
DATA,6157,15.05,14.95,49.8,41.9,28,Z2,30.000,-0.374,0
DATA,6416,14.95,15.05,50.2,42.2,28,Z1,30.000,1.013,0
DATA,6674,16.51,13.49,45.0,37.8,27,Z2,30.000,-15.619,0
DATA,6932,17.37,12.63,42.1,35.8,26,Z2,30.000,-8.576,0
DATA,7190,17.37,12.63,42.1,36.1,27,Z2,30.000,-0.007,0
DATA,7448,17.39,12.61,42.0,36.0,27,Z2,30.000,-0.181,0
DATA,7707,17.36,12.64,42.1,36.1,27,Z2,30.000,0.237,0
DATA,7965,17.41,12.59,42.0,36.0,26,Z2,30.000,-0.473,0
DATA,8223,17.40,12.60,42.0,36.0,27,Z2,30.000,0.107,0
DATA,8481,17.51,12.49,41.6,35.7,26,Z2,30.000,-1.136,0
DATA,8739,18.65,11.35,37.8,32.5,26,Z2,30.000,-11.324,0
DATA,8998,18.68,11.32,37.7,32.8,26,Z2,30.000,-0.341,0
DATA,9256,18.67,11.33,37.8,32.8,26,Z2,30.000,0.048,0
DATA,9514,18.67,11.33,37.8,32.8,26,Z2,30.000,0.037,0
DATA,9772,18.64,11.36,37.9,32.9,26,Z2,30.000,0.307,0
DATA,10031,18.61,11.39,38.0,33.0,26,Z2,30.000,0.351,0
DATA,10289,18.59,11.41,38.0,33.0,26,Z2,30.000,0.111,0
DATA,10547,18.74,11.26,37.5,32.6,26,Z2,30.000,-1.413,0
DATA,10805,19.05,10.95,36.5,31.8,26,Z2,30.000,-3.111,0
DATA,11063,19.56,10.44,34.8,30.4,25,Z2,30.000,-5.146,0
DATA,11322,19.59,10.41,34.7,30.5,25,Z2,30.000,-0.322,0
DATA,11580,19.80,10.20,34.0,29.9,25,Z2,30.000,-2.035,0
DATA,11838,19.94,10.06,33.5,29.6,25,Z2,30.000,-1.439,0
DATA,12096,19.71,10.29,34.3,30.3,25,Z2,30.000,2.301,0
DATA,12354,19.63,10.37,34.6,30.4,25,Z2,30.000,0.803,0
DATA,12613,19.71,10.29,34.3,30.2,25,Z2,30.000,-0.770,0
DATA,12871,20.28,9.72,32.4,28.6,25,Z2,30.000,-5.683,0
DATA,13129,20.46,9.54,31.8,28.3,25,Z2,30.000,-1.801,0
DATA,13387,20.15,9.85,32.8,29.2,25,Z2,30.000,3.011,0
DATA,13646,20.27,9.73,32.4,28.8,25,Z2,30.000,-1.199,0
DATA,13904,20.30,9.70,32.3,28.8,25,Z2,30.000,-0.218,0
DATA,14162,20.33,9.67,32.2,28.7,25,Z2,30.000,-0.344,0
DATA,14420,20.25,9.75,32.5,28.9,25,Z2,30.000,0.777,0
DATA,14679,20.20,9.80,32.7,29.0,25,Z2,30.000,0.548,0
DATA,14937,20.65,9.35,31.2,27.7,25,Z2,30.000,-4.492,0
DATA,15195,21.49,8.51,28.4,25.5,24,Z2,30.000,-8.457,0
DATA,15453,21.44,8.56,28.5,25.9,24,Z2,30.000,0.570,0
DATA,15711,21.45,8.55,28.5,25.9,24,Z2,30.000,-0.133,0
DATA,15970,21.41,8.59,28.6,26.0,24,Z2,30.000,0.370,0
DATA,16228,21.45,8.55,28.5,25.9,24,Z2,30.000,-0.355,0
DATA,16486,21.43,8.57,28.6,25.9,24,Z2,30.000,0.148,0
DATA,16744,21.40,8.60,28.7,26.0,25,Z2,30.000,0.303,0
DATA,17002,21.44,8.56,28.5,25.9,24,Z2,30.000,-0.366,0
DATA,17261,21.60,8.40,28.0,25.5,24,Z2,30.000,-1.583,0
DATA,17519,21.70,8.30,27.7,25.2,24,Z2,30.000,-1.003,0
DATA,17777,21.65,8.35,27.8,25.4,24,Z2,30.000,0.470,0
DATA,18035,21.69,8.31,27.7,25.3,24,Z2,30.000,-0.366,0
DATA,18294,21.69,8.31,27.7,25.3,24,Z2,30.000,-0.033,0
BRIDGING #1 @21.68g hammer
DATA,18552,21.68,8.32,27.7,25.3,24,Z2,30.000,0.126,1
DATA,18810,21.70,8.30,27.7,25.3,24,Z2,30.000,-0.189,1
DATA,19068,21.75,8.25,27.5,25.1,24,Z2,30.000,-0.566,1
DATA,19326,21.78,8.22,27.4,25.0,24,Z2,30.000,-0.289,1
DATA,19584,23.61,6.39,21.3,19.9,23,Z2,30.000,-18.298,1
DATA,19843,26.21,3.79,12.6,13.2,22,Z3,30.000,-25.990,1
DATA,20101,27.91,2.09,7.0,9.2,21,Z3,30.000,-16.944,1
DATA,20359,29.12,0.88,2.9,6.3,21,Z3,30.000,-12.134,1
DATA,20617,28.91,1.09,3.6,7.3,21,Z3,30.000,2.098,1
DATA,20875,28.83,1.17,3.9,7.5,21,Z3,30.000,0.836,1
DATA,21134,28.93,1.07,3.6,7.2,21,Z3,30.000,-0.995,1
DATA,21392,29.27,0.73,2.4,6.2,21,Z3,30.000,-3.478,1
DATA,21650,29.30,0.70,2.3,6.2,21,Z3,30.000,-0.277,1
DATA,21908,29.39,0.61,2.0,6.0,21,Z3,30.000,-0.862,1
DATA,22166,29.20,0.80,2.7,6.6,21,Z3,30.000,1.898,1
DATA,22425,29.29,0.71,2.4,6.2,21,Z3,30.000,-0.958,1
DATA,22683,29.23,0.77,2.6,6.4,21,Z3,30.000,0.599,1
DATA,22941,29.22,0.78,2.6,6.5,21,Z3,30.000,0.122,1
--------------------------------------------
STOP       : TARGET
Setpoint   : 30.0g
Massa akhir: 30.21g
Error akhir: 0.21g
Error%     : 0.7%
Durasi     : 24661ms
Bridging   : 1x
STATUS     : AKURAT
=== SUMMARY TRIAL ===
Controller: Fixed PID
TrialNo: 6
Setpoint_g: 30.00
EarlyStop_g: 0.40
StopTarget_g: 29.60
Kp: 2.500
Ki: 0.150
Kd: 0.030
IntMax: 30.00
ServoMin_deg: 20
ServoMax_deg: 40
HammerThreshold_g: 3.00
FinalMass_g: 30.21
FinalError_g: 0.21
FinalError_pct: 0.70
Duration_ms: 24661
Duration_s: 24.66
TimeTo90_ms: 20101
RiseTime_10_90_ms: 17559
TimeToTolerance_ms: 20359
SettlingTime_ms: 20359
SettlingTol_pct: 5.00
SettlingTol_g: 1.50
MaxMass_g: 30.21
MaxOvershoot_g: 0.21
MaxOvershoot_pct: 0.70
BridgingCount: 1
Status: AKURAT
Valid: TRUE
StopReason: TARGET
=== TRIAL END ===
--------------------------------------------
r=reset | g=ulangi | c=parameter
