======== PARAMETER AKTIF ========
Setpoint    : 20.0g
- Zona 1 Besar (eNorm >50%) -
  Kp1=1.65  Ki1=3.088  Kd1=0.279
- Zona 2 Sedang (15-50%) -
  Kp2=2.30  Ki2=0.753  Kd2=0.563
- Zona 3 Kecil (<=15%) -
  Kp3=2.50  Ki3=0.181  Kd3=0.030
- Sistem -
  SUDUT_MIN : 20deg
  SUDUT_BUKA: 40deg
  EARLY_STOP: SP - 0.40g
  STOP saat : 19.60g
  HAMMER_TH : error > 3.0g
=================================
RESET. Servo tutup. Tare selesai. Siap.
=== TRIAL START ===
Controller: Gain Scheduling PID
TrialNo: 10
Setpoint_g: 20.00
EarlyStop_g: 0.40
StopTarget_g: 19.60
Z1_Rule: eNorm_gt_50
Z1_Kp: 1.650
Z1_Ki: 3.088
Z1_Kd: 0.279
Z1_IntMax: 15.00
Z2_Rule: 15_lt_eNorm_le_50
Z2_Kp: 2.300
Z2_Ki: 0.753
Z2_Kd: 0.563
Z2_IntMax: 30.00
Z3_Rule: eNorm_le_15_or_abs_error_le_2g
Z3_Kp: 2.500
Z3_Ki: 0.181
Z3_Kd: 0.030
Z3_IntMax: 30.00
ServoMin_deg: 20
ServoMax_deg: 40
HammerThreshold_g: 3.00
Sampling_ms: 100
DataFormat: DATA,ms,mass_g,error_g,error_pct,output,servo_deg,zone,I,D,flow_gps,bridging_count
=== DATA START ===
>> GANTI ZONA: 0 -> 1 @0.15g
DATA,100,0.15,19.85,99.3,94.3,38,Z1,1.985,198.502,1.50,0
DATA,218,0.05,19.95,99.8,45.5,28,Z1,3.980,1.039,0.00,0
DATA,476,1.20,18.80,94.0,45.9,28,Z1,5.860,-11.591,11.59,0
DATA,734,2.46,17.54,87.7,49.0,29,Z1,7.614,-12.553,12.55,0
DATA,992,2.39,17.61,88.0,58.2,31,Z1,9.374,0.658,0.00,0
DATA,1250,2.38,17.62,88.1,63.5,32,Z1,11.136,0.104,0.00,0
DATA,1509,2.35,17.65,88.3,69.1,33,Z1,12.901,0.355,0.00,0
DATA,1767,2.37,17.63,88.2,74.3,34,Z1,14.664,-0.211,0.21,0
DATA,2025,2.42,17.58,87.9,75.2,34,Z1,15.000,-0.466,0.47,0
DATA,2283,2.44,17.56,87.8,75.2,34,Z1,15.000,-0.189,0.19,0
DATA,2542,3.99,16.01,80.1,68.4,33,Z1,15.000,-15.531,15.53,0
DATA,2800,5.35,14.65,73.2,66.7,33,Z1,15.000,-13.663,13.66,0
DATA,3058,5.31,14.69,73.4,70.7,33,Z1,15.000,0.411,0.00,0
DATA,3316,5.31,14.69,73.5,70.6,33,Z1,15.000,0.063,0.00,0
DATA,3575,5.37,14.63,73.1,70.3,33,Z1,15.000,-0.677,0.68,0
DATA,3833,5.36,14.64,73.2,70.5,33,Z1,15.000,0.148,0.00,0
DATA,4091,5.36,14.64,73.2,70.5,33,Z1,15.000,0.026,0.00,0
DATA,4350,5.33,14.67,73.3,70.6,33,Z1,15.000,0.226,0.00,0
DATA,4608,5.30,14.70,73.5,70.7,33,Z1,15.000,0.351,0.00,0
DATA,4866,5.34,14.66,73.3,70.4,33,Z1,15.000,-0.388,0.39,0
DATA,5124,5.39,14.61,73.0,70.3,33,Z1,15.000,-0.551,0.55,0
DATA,5383,5.29,14.71,73.5,70.9,33,Z1,15.000,1.036,0.00,0
DATA,5641,5.29,14.71,73.6,70.6,33,Z1,15.000,0.037,0.00,0
DATA,5899,5.54,14.46,72.3,69.5,33,Z1,15.000,-2.582,2.58,0
BRIDGING #1 @5.39g Z1 hammer
DATA,6158,5.39,14.61,73.0,70.8,33,Z1,15.000,1.498,0.00,1
DATA,6416,5.32,14.68,73.4,70.8,33,Z1,15.000,0.769,0.00,1
DATA,6674,6.00,14.00,70.0,67.5,33,Z1,15.000,-6.789,6.79,1
DATA,6932,6.23,13.77,68.8,68.4,33,Z1,15.000,-2.346,2.35,1
DATA,7190,7.33,12.67,63.3,64.2,32,Z1,15.000,-10.988,10.99,1
>> GANTI ZONA: 1 -> 2 @13.32g
DATA,7449,13.32,6.68,33.4,0.0,0,Z2,0.668,-59.874,59.87,1
DATA,7707,15.38,4.62,23.1,0.0,0,Z2,1.131,-20.599,20.60,1
DATA,7965,15.52,4.48,22.4,10.7,21,Z2,1.579,-1.428,1.43,1
DATA,8223,15.78,4.22,21.1,9.7,21,Z2,2.000,-2.623,2.62,1
DATA,8482,15.52,4.48,22.4,13.6,22,Z2,2.448,2.623,0.00,1
DATA,8740,15.56,4.44,22.2,12.1,22,Z2,2.892,-0.444,0.44,1
DATA,8998,15.97,4.03,20.1,9.5,21,Z2,3.295,-4.070,4.07,1
DATA,9256,16.18,3.82,19.1,10.4,21,Z2,3.677,-2.098,2.10,1
DATA,9515,15.91,4.09,20.5,14.0,22,Z2,4.086,2.719,0.00,1
DATA,9773,15.97,4.03,20.2,12.3,22,Z2,4.489,-0.573,0.57,1
DATA,10031,15.95,4.05,20.2,13.1,22,Z2,4.894,0.166,0.00,1
DATA,10289,16.24,3.76,18.8,10.9,21,Z2,5.269,-2.948,2.95,1
DATA,10548,16.29,3.71,18.5,12.5,22,Z2,5.640,-0.488,0.49,1
>> GANTI ZONA: 2 -> 3 @17.23g
DATA,10806,17.23,2.77,13.8,6.7,21,Z3,0.277,-9.404,9.40,1
DATA,11064,17.39,2.61,13.1,6.6,21,Z3,0.538,-1.554,1.55,1
DATA,11322,17.16,2.84,14.2,7.3,21,Z3,0.822,2.331,0.00,1
DATA,11581,17.58,2.42,12.1,6.1,21,Z3,1.064,-4.221,4.22,1
DATA,11839,17.39,2.61,13.1,6.8,21,Z3,1.326,1.931,0.00,1
DATA,12097,17.24,2.76,13.8,7.2,21,Z3,1.601,1.421,0.00,1
DATA,12356,17.06,2.94,14.7,7.8,21,Z3,1.895,1.853,0.00,1
DATA,12614,17.23,2.77,13.8,7.3,21,Z3,2.172,-1.765,1.76,1
DATA,12872,17.35,2.65,13.3,7.0,21,Z3,2.437,-1.150,1.15,1
DATA,13130,17.52,2.48,12.4,6.6,21,Z3,2.685,-1.716,1.72,1
DATA,13389,17.63,2.37,11.8,6.4,21,Z3,2.921,-1.125,1.12,1
DATA,13647,17.80,2.20,11.0,6.0,21,Z3,3.141,-1.694,1.69,1
DATA,13905,17.54,2.46,12.3,6.8,21,Z3,3.387,2.601,0.00,1
DATA,14163,17.20,2.80,14.0,7.8,21,Z3,3.667,3.430,0.00,1
DATA,14422,17.41,2.59,13.0,7.1,21,Z3,3.926,-2.068,2.07,1
DATA,14680,17.65,2.35,11.8,6.6,21,Z3,4.161,-2.416,2.42,1
DATA,14938,17.74,2.26,11.3,6.4,21,Z3,4.387,-0.947,0.95,1
DATA,15197,17.67,2.33,11.7,6.7,21,Z3,4.620,0.762,0.00,1
DATA,15455,17.51,2.49,12.4,7.1,21,Z3,4.869,1.528,0.00,1
DATA,15713,17.62,2.38,11.9,6.9,21,Z3,5.107,-1.028,1.03,1
DATA,15971,17.60,2.40,12.0,7.0,21,Z3,5.347,0.192,0.00,1
DATA,16230,17.47,2.53,12.6,7.4,21,Z3,5.600,1.273,0.00,1
DATA,16488,17.64,2.36,11.8,6.9,21,Z3,5.836,-1.694,1.69,1
DATA,16746,17.55,2.45,12.2,7.3,21,Z3,6.081,0.895,0.00,1
DATA,17005,17.49,2.51,12.6,7.5,21,Z3,6.333,0.651,0.00,1
DATA,17263,17.58,2.42,12.1,7.2,21,Z3,6.575,-0.954,0.95,1
DATA,17521,17.69,2.31,11.5,7.0,21,Z3,6.805,-1.117,1.12,1
DATA,17779,17.66,2.34,11.7,7.1,21,Z3,7.039,0.292,0.00,1
DATA,18038,17.56,2.44,12.2,7.5,21,Z3,7.283,1.077,0.00,1
DATA,18296,17.61,2.39,11.9,7.3,21,Z3,7.522,-0.548,0.55,1
                                                                1,Z3,7.761,-0.070,0.07,1
DATA,18813,17.58,2.42,12.1,7.5,21,Z3,8.003,0.370,0.00,1
DATA,19071,18.02,1.98,9.9,6.3,21,Z3,8.201,-4.384,4.38,1
DATA,19329,18.32,1.68,8.4,5.6,20,Z3,8.369,-3.008,3.01,1
DATA,19587,18.31,1.69,8.4,5.8,20,Z3,8.538,0.082,0.00,1
DATA,19846,18.33,1.67,8.4,5.8,20,Z3,8.705,-0.163,0.16,1
DATA,20104,18.34,1.66,8.3,5.8,20,Z3,8.871,-0.078,0.08,1
DATA,20362,18.30,1.70,8.5,5.9,20,Z3,9.042,0.392,0.00,1
DATA,20620,18.31,1.69,8.5,5.9,20,Z3,9.211,-0.122,0.12,1
DATA,20879,18.34,1.66,8.3,5.8,20,Z3,9.377,-0.289,0.29,1
DATA,21137,18.30,1.70,8.5,6.0,20,Z3,9.547,0.333,0.00,1
DATA,21395,18.29,1.71,8.6,6.0,21,Z3,9.718,0.148,0.00,1
DATA,21654,18.24,1.76,8.8,6.2,21,Z3,9.894,0.522,0.00,1
DATA,21912,18.24,1.76,8.8,6.2,21,Z3,10.070,-0.063,0.06,1
DATA,22170,18.30,1.70,8.5,6.1,21,Z3,10.240,-0.570,0.57,1
DATA,22428,18.40,1.60,8.0,5.9,20,Z3,10.400,-1.003,1.00,1
DATA,22687,18.20,1.80,9.0,6.5,21,Z3,10.580,2.046,0.00,1
DATA,22945,18.57,1.43,7.2,5.4,20,Z3,10.723,-3.707,3.71,1
DATA,23203,18.82,1.18,5.9,4.9,20,Z3,10.842,-2.483,2.48,1
DATA,23461,19.32,0.68,3.4,3.5,20,Z3,10.909,-5.087,5.09,1
--------------------------------------------
STOP       : TARGET
Setpoint   : 20.0g
Massa akhir: 19.78g
Error akhir: -0.22g
Error%     : -1.1%
Durasi     : 25182ms
Bridging   : 1x
Zona hits  : Z1=29 Z2=13 Z3=50
STATUS     : AKURAT
=== SUMMARY TRIAL ===
Controller: Gain Scheduling PID
TrialNo: 10
Setpoint_g: 20.00
EarlyStop_g: 0.40
StopTarget_g: 19.60
Z1_Kp: 1.650
Z1_Ki: 3.088
Z1_Kd: 0.279
Z1_IntMax: 15.00
Z2_Kp: 2.300
Z2_Ki: 0.753
Z2_Kd: 0.563
Z2_IntMax: 30.00
Z3_Kp: 2.500
Z3_Ki: 0.181
Z3_Kd: 0.030
Z3_IntMax: 30.00
ServoMin_deg: 20
ServoMax_deg: 40
HammerThreshold_g: 3.00
FinalMass_g: 19.78
FinalError_g: -0.22
FinalError_pct: -1.11
Duration_ms: 25182
Duration_s: 25.18
TimeTo90_ms: 19071
RiseTime_10_90_ms: 18337
TimeToTolerance_ms: 23461
SettlingTime_ms: 23461
SettlingTol_pct: 5.00
SettlingTol_g: 1.00
MaxMass_g: 19.78
MaxOvershoot_g: 0.00
MaxOvershoot_pct: 0.00
BridgingCount: 1
ZonaHit_Z1: 29
ZonaHit_Z2: 13
ZonaHit_Z3: 50
Status: AKURAT
Valid: TRUE
StopReason: TARGET
=== TRIAL END ===
--------------------------------------------
r=reset | g=ulangi | c=parameter
