Sudut test diubah: 30 derajat


Taring load cell...
Tare selesai. Load cell = 0.00g


Memulai test dalam 3 detik...
3...
2...
1...
=== DATA START ===
timestamp_ms,massa_g,sudut_servo,bridging
0,0.01,0,0
100,0.15,30,0
258,0.32,30,0
516,0.57,30,0
775,0.48,30,0
1033,0.46,30,0
1291,0.47,30,0
1549,0.43,30,0
1807,0.40,30,0
2065,0.42,40,0
2323,2.02,30,0
2581,3.75,30,0
2840,3.72,30,0
3098,3.71,30,0
3614,3.67,30,0
3872,3.68,30,0
4130,3.67,40,0
4388,4.91,30,0
4646,6.74,30,0
4904,6.76,30,0
5163,6.74,30,0
5421,6.74,30,0
5679,6.75,30,0
5937,6.74,30,0
6195,7.32,40,0
6711,7.43,30,0
6969,7.45,30,0
7227,7.45,30,0
7486,7.51,30,0
7744,7.46,30,0
8002,7.46,30,0
8260,7.45,40,0
8518,9.04,30,0
8776,11.64,30,0
9034,12.25,30,0
9292,12.35,30,0
9809,12.41,30,0
10067,12.41,30,0
10325,12.38,40,0
10583,14.10,30,0
10841,14.66,30,0
11099,14.67,30,0
11357,14.75,30,0
11615,14.70,30,0
11874,14.58,30,0
12132,14.61,30,0
12390,15.58,40,0
12906,16.31,30,0
13164,16.39,30,0
13422,16.42,30,0
13680,16.25,30,0
13939,16.24,30,0
14197,16.39,30,0
14455,16.28,40,0
14713,17.01,30,0
14971,17.40,30,0
15229,17.39,30,0
15487,17.36,30,0
16003,17.29,30,0
16262,17.29,30,0
16520,17.29,40,0
16778,18.56,30,0
17036,19.80,30,0
17294,19.78,30,0
17552,19.74,30,0
17810,19.81,30,0
18068,19.86,30,0
18326,19.80,30,0
18585,20.15,40,0
19101,20.14,30,0
19359,20.16,30,0
19617,20.11,30,0
19875,20.15,30,0
20133,20.10,30,0
20391,20.10,30,0
20649,20.08,40,0
20907,21.70,30,0
21165,23.29,30,0
21424,23.26,30,0
21682,23.28,30,0
22198,23.27,30,0
22456,23.30,30,0
22714,23.26,40,0
22972,23.46,30,0
                                                                23488,23.47,30,0
23747,23.50,30,0
24005,23.49,30,0
24263,23.47,30,0
24521,23.49,30,0
>> BRIDGING #1 @23.50g -> HAMMER
24779,23.61,0,1
25295,23.58,40,1
25553,24.07,40,1
25811,25.69,40,1
26069,26.33,40,1
26327,26.37,40,1
26585,26.40,40,1
26843,26.40,40,1
27102,26.38,30,0
27618,26.37,30,0
27876,26.33,30,0
28134,26.35,30,0
28392,26.38,30,0
28650,26.41,30,0
28909,26.44,30,0
29167,26.36,40,0
29425,26.56,30,0
29683,26.76,30,0
29941,26.70,30,0
>> BRIDGING #2 @26.63g -> HAMMER
30199,26.51,0,1
=== DATA END ===

Test selesai   : Durasi maksimal tercapai
Sudut test     : 30 derajat
Bridging count : 2x

FORMAT: timestamp_ms,massa_g,sudut_servo,bridging
  bridging: 0=normal, 1=hammer pulse aktif

Copy data antara DATA START dan DATA END
Ketik 's' untuk test ulang, atau ubah sudut dulu.


Taring load cell...
Tare selesai. Load cell = 0.00g


Memulai test dalam 3 detik...
3...
2...
1...
=== DATA START ===
timestamp_ms,massa_g,sudut_servo,bridging
0,-0.08,0,0
100,-0.20,30,0
258,0.43,30,0
516,0.66,30,0
774,0.59,30,0
1033,0.64,30,0
1291,0.60,30,0
1549,0.61,30,0
1807,0.61,30,0
2065,0.56,40,0
2323,1.52,30,0
2581,2.01,30,0
2840,1.94,30,0
3098,1.98,30,0
3614,1.93,30,0
3872,1.91,30,0
4130,1.94,40,0
4389,2.82,30,0
4647,4.26,30,0
4905,5.47,30,0
5163,5.61,30,0
5421,5.59,30,0
5679,5.58,30,0
5938,5.58,30,0
6196,7.45,40,0
6712,8.56,30,0
6970,8.73,30,0
7228,8.98,30,0
7486,8.95,30,0
7744,8.95,30,0
8003,8.99,30,0
8261,8.94,40,0
8519,10.29,30,0
8777,10.94,30,0
9035,10.91,30,0
9293,10.90,30,0
9810,10.92,30,0
10068,10.92,30,0
10326,10.90,40,0
10584,10.95,30,0
10842,10.93,30,0
11100,10.96,30,0
11359,10.94,30,0
11617,10.98,30,0
11875,10.96,30,0
12133,11.00,30,0
>> BRIDGING #1 @10.97g -> HAMMER
12391,11.17,0,1
12907,11.32,40,1
13165,11.75,40,1
13423,15.02,40,1
13681,15.24,40,1
13939,16.51,40,1
14198,17.83,40,1
14456,20.91,40,1
14714,22.96,30,0
15230,23.78,30,0
15488,25.00,30,0
15746,26.05,30,0
16005,27.93,30,0
16263,30.09,30,0
16521,30.75,30,0
16779,30.53,40,0
17037,31.64,30,0
17295,32.47,30,0
17554,32.66,30,0
17812,32.70,30,0
18328,32.67,30,0
18586,32.68,30,0
18844,32.71,40,0
19102,34.27,30,0
19361,35.61,30,0
19619,36.12,30,0
19877,36.03,30,0
20135,35.87,30,0
20393,35.96,30,0
20651,36.06,30,0
20910,36.48,40,0
21426,36.89,30,0
21684,37.19,30,0
21942,37.17,30,0
22200,37.33,30,0
22458,37.26,30,0
22717,37.22,30,0
22975,37.31,40,0
23233,38.46,30,0
23491,38.89,30,0
23749,38.79,30,0
24007,38.81,30,0
24524,38.75,30,0
24782,38.78,30,0
25040,38.93,40,0
25298,39.89,30,0
25556,40.27,30,0
25814,40.18,30,0
26073,40.14,30,0
26331,40.09,30,0
26589,40.12,30,0
26847,40.06,30,0
27105,41.02,40,0
27621,41.65,30,0
27880,41.94,30,0
28138,41.94,30,0
28396,41.70,30,0
28654,41.69,30,0
28912,41.65,30,0
29170,41.73,40,0
29428,42.59,30,0
29687,44.16,30,0
29945,44.06,30,0
30203,43.95,30,0
=== DATA END ===

Test selesai   : Durasi maksimal tercapai
Sudut test     : 30 derajat
Bridging count : 1x
FORJ*: Х   .W} ,  ͅ u, Ց }  ٽ,!ɥ     5
  bridging: 0=normal, 1=hammer pulse aktif

Copy data antara DATA START dan DATA END
Ketik 's' untuk test ulang, atau ubah sudut dulu.


Taring load cell...
Tare selesai. Load cell = 0.00g


Memulai test dalam 3 detik...
3...
2...
1...
=== DATA START ===
timestamp_ms,massa_g,sudut_servo,bridging
0,0.05,0,0
100,0.00,30,0
257,0.50,30,0
516,0.37,30,0
774,0.51,30,0
1032,0.61,30,0
1290,0.57,30,0
1548,0.63,30,0
1806,0.64,30,0
2065,0.67,40,0
2323,2.43,30,0
2581,2.91,30,0
2839,2.86,30,0
3097,2.75,30,0
3614,2.79,30,0
3872,2.78,30,0
4130,2.79,40,0
4388,2.88,30,0
4646,3.35,30,0
4904,3.27,30,0
5162,3.33,30,0
5421,3.36,30,0
5679,3.33,30,0
5937,3.32,30,0
6195,4.49,40,0
6711,6.33,30,0
6969,6.29,30,0
7227,6.29,30,0
7486,6.25,30,0
7744,6.24,30,0
8002,6.26,30,0
8260,6.30,40,0
8518,6.46,30,0
8776,7.60,30,0
9034,8.61,30,0
9293,8.47,30,0
9809,8.47,30,0
10067,8.48,30,0
10325,8.44,40,0
10583,8.74,30,0
10841,8.89,30,0
11100,8.87,30,0
11358,8.90,30,0
11616,8.94,30,0
11874,8.89,30,0
12132,8.88,30,0
>> BRIDGING #1 @8.89g -> HAMMER
12390,9.04,0,1
12906,9.14,40,1
13164,9.26,40,1
13422,10.86,40,1
13680,13.50,40,1
13939,16.43,40,1
14197,17.36,40,1
14455,17.36,40,1
14713,17.63,30,0
15229,18.07,30,0
15487,18.06,30,0
15746,17.92,30,0
16004,17.88,30,0
16262,17.87,30,0
16520,17.93,30,0
16778,17.93,40,0
17036,20.65,30,0
17294,21.60,30,0
17553,21.47,30,0
17811,21.27,30,0
18327,21.35,30,0
18585,21.51,30,0
18843,21.52,40,0
19102,22.02,30,0
19360,22.15,30,0
19618,22.09,30,0
19876,22.03,30,0
20134,22.11,30,0
20392,22.15,30,0
20650,22.12,30,0
20909,22.29,40,0
21425,22.39,30,0
21683,22.30,30,0
21941,22.28,30,0
22199,22.27,30,0
22457,22.29,30,0
22716,22.32,30,0
22974,22.36,40,0
23232,23.29,30,0
23490,23.89,30,0
23748,23.85,30,0
24006,23.87,30,0
24523,23.90,30,0
24781,23.84,30,0
25039,23.87,40,0
25297,25.51,30,0
25555,26.83,30,0
25813,26.73,30,0
26071,26.72,30,0
26330,26.69,30,0
26588,26.71,30,0
26846,26.75,30,0
27104,28.57,40,0
27620,31.19,30,0
27878,31.37,30,0
28137,31.33,30,0
28395,31.26,30,0
28653,31.29,30,0
28911,31.30,30,0
29169,31.35,40,0
29427,32.16,30,0
29685,32.89,30,0
29944,32.86,30,0
30202,32.75,30,0
=== DATA END ===

Test selesai   : Durasi maksimal tercapai
Sudut test     : 30 derajat
Brdgn c՝  '  5

ORAT timestamp_ms,massa_g,sudut_servo,bridging
  bridging: 0=normal, 1=hammer pulse aktif

Copy data antara DATA START dan DATA END
Ketik 's' untuk test ulang, atau ubah sudut dulu.

