Sudut test diubah: 35 derajat


Taring load cell...
Tare selesai. Load cell = 0.00g


Memulai test dalam 3 detik...
3...
2...
1...
=== DATA START ===
timestamp_ms,massa_g,sudut_servo,bridging
0,0.14,0,0
100,0.06,35,0
258,0.86,35,0
516,1.98,35,0
774,1.85,35,0
1033,1.83,35,0
1291,1.74,35,0
1549,1.85,35,0
1807,1.87,35,0
2065,1.84,45,0
2323,5.98,35,0
2582,7.53,35,0
2840,7.31,35,0
3098,7.40,35,0
3614,7.46,35,0
3872,7.43,35,0
4131,7.37,45,0
4389,10.50,35,0
4647,11.75,35,0
4905,11.57,35,0
5163,11.50,35,0
5421,11.65,35,0
5679,11.59,35,0
5938,11.62,35,0
6196,13.12,45,0
6712,17.02,35,0
6970,18.56,35,0
7228,18.37,35,0
7486,18.12,35,0
7745,18.33,35,0
8003,18.32,35,0
8261,18.35,45,0
8519,19.04,35,0
8777,19.44,35,0
9035,20.34,35,0
9293,20.46,35,0
9810,20.53,35,0
10068,20.55,35,0
10326,20.52,45,0
10584,24.77,35,0
10842,26.78,35,0
11100,26.64,35,0
11359,26.63,35,0
11617,26.61,35,0
11875,26.62,35,0
12133,26.64,35,0
12391,28.88,45,0
12907,30.34,35,0
13165,30.88,35,0
13424,30.95,35,0
13682,30.96,35,0
13940,30.98,35,0
14198,30.97,35,0
14456,30.92,45,0
14714,33.67,35,0
14972,35.84,35,0
15231,37.54,35,0
15489,39.52,35,0
16005,39.50,35,0
16263,39.51,35,0
16521,39.60,45,0
16779,41.58,35,0
17037,42.26,35,0
17295,42.26,35,0
17554,42.29,35,0
17812,42.23,35,0
18070,42.27,35,0
18328,42.26,35,0
18586,43.94,45,0
19102,44.85,35,0
19360,45.47,35,0
19619,45.59,35,0
19877,45.60,35,0
20135,45.58,35,0
20393,45.58,35,0
20651,45.79,45,0
20909,49.09,35,0
21167,50.24,35,0
=== DATA END ===

Test selesai   : Massa maksimal tercapai
Sudut test     : 35 deraat
B, V    0

FRMAT: tmesamp_ms,massa_g,sudut_servo,bridging
  bridging: 0=normal, 1=hammer pulse aktif

Copy data antara DATA START dan DATA END
Ketik 's' untuk test ulang, atau ubah sudut dulu.


Taring load cell...
Tare selesai. Load cell = 0.00g


Memulai test dalam 3 detik...
3...
2...
1...
=== DATA START ===
timestamp_ms,massa_g,sudut_servo,bridging
0,0.01,0,0
100,-0.05,35,0
258,0.21,35,0
516,0.25,35,0
774,0.34,35,0
1033,0.39,35,0
1291,0.44,35,0
1549,0.30,35,0
1807,0.23,35,0
2065,0.41,45,0
2323,2.91,35,0
2581,4.27,35,0
2840,4.35,35,0
3098,4.56,35,0
3614,4.37,35,0
3872,4.29,35,0
4130,4.50,45,0
4388,5.93,35,0
4647,7.02,35,0
4905,7.14,35,0
5163,6.99,35,0
5421,7.01,35,0
5679,7.05,35,0
5937,7.09,35,0
6196,7.44,45,0
6712,8.78,35,0
6970,9.65,35,0
7228,9.60,35,0
7486,9.58,35,0
7744,9.57,35,0
8003,9.57,35,0
8261,9.43,45,0
8519,10.56,35,0
8777,12.11,35,0
9035,11.99,35,0
9293,11.98,35,0
9810,12.03,35,0
10068,11.98,35,0
10326,12.23,45,0
10584,14.77,35,0
10842,16.22,35,0
11100,16.03,35,0
11358,16.00,35,0
11617,16.02,35,0
11875,16.01,35,0
12133,16.07,35,0
12391,16.52,45,0
12907,16.77,35,0
13165,16.74,35,0
13424,16.73,35,0
13682,16.75,35,0
13940,16.76,35,0
14198,16.78,35,0
14456,16.86,45,0
14714,18.09,35,0
14972,20.97,35,0
15231,21.17,35,0
15489,20.98,35,0
16005,21.03,35,0
16263,20.98,35,0
16521,21.11,45,0
16779,24.58,35,0
17037,26.36,35,0
17296,26.48,35,0
17554,26.55,35,0
17812,26.36,35,0
18070,26.42,35,0
18328,26.47,35,0
18586,29.83,45,0
19102,33.00,35,0
19360,33.57,35,0
19619,33.33,35,0
19877,33.24,35,0
20135,33.32,35,0
20393,33.45,35,0
20651,33.46,45,0
20909,37.44,35,0
21167,40.99,35,0
21425,41.59,35,0
21684,41.59,35,0
22200,41.60,35,0
22458,41.68,35,0
22716,41.81,45,0
22974,44.24,35,0
23232,44.67,35,0
23490,44.79,35,0
23749,44.76,35,0
24007,44.74,35,0
24265,44.68,35,0
24523,44.75,35,0
24781,46.01,45,0
25297,47.93,35,0
25555,49.26,35,0
25813,49.25,35,0
26072,49.26,35,0
26330,49.21,35,0
26588,49.26,35,0
26846,49.25,45,0
27104,51.09,35,0
=== DATA END ===

Test selesai   : Massa maksimal tercapai
Sudut test     : 35 derajat
Bridging count : 0x

FORMAT: timestamp_ms,mas_g,1 њ  ,!ɥ    5
 bridging: 0=normal, 1=hammer pulse aktif

Copy data antara DATA START dan DATA END
Ketik 's' untuk test ulang, atau ubah sudut dulu.


Taring load cell...
Tare selesai. Load cell = 0.00g


Memulai test dalam 3 detik...
3...
2...
1...
=== DATA START ===
timestamp_ms,massa_g,sudut_servo,bridging
0,-0.04,0,0
100,0.04,35,0
258,1.05,35,0
516,3.30,35,0
775,3.23,35,0
1033,3.21,35,0
1291,3.19,35,0
1549,3.23,35,0
1807,3.19,35,0
2066,3.21,45,0
2324,4.44,35,0
2582,4.78,35,0
2840,4.76,35,0
3098,4.76,35,0
3614,4.81,35,0
3873,4.80,35,0
4131,4.78,45,0
4389,6.20,35,0
4647,8.16,35,0
4905,8.46,35,0
5163,8.41,35,0
5421,8.41,35,0
5679,8.41,35,0
5938,8.45,35,0
6196,9.10,45,0
6712,9.25,35,0
6970,9.30,35,0
7228,9.29,35,0
7486,9.28,35,0
7745,9.28,35,0
8003,9.28,35,0
8261,9.30,45,0
8519,9.32,35,0
8777,9.25,35,0
9035,9.41,35,0
9294,9.42,35,0
9810,9.34,35,0
10068,9.33,35,0
10326,9.35,45,0
10584,9.74,35,0
10842,10.04,35,0
11101,9.98,35,0
11359,9.94,35,0
11617,9.93,35,0
11875,10.10,35,0
12133,10.20,35,0
12392,12.49,45,0
12908,15.99,35,0
13166,15.95,35,0
13424,15.97,35,0
13682,15.88,35,0
13940,15.86,35,0
14199,15.86,35,0
14457,15.86,45,0
14715,15.88,35,0
14973,15.95,35,0
15231,16.07,35,0
15489,16.06,35,0
16006,16.00,35,0
16264,16.00,35,0
16522,16.06,45,0
16780,16.10,35,0
17038,16.15,35,0
17296,16.15,35,0
17554,16.22,35,0
17813,16.19,35,0
18071,16.19,35,0
18329,16.17,35,0
>> BRIDGING #1 @16.08g -> HAMMER
18587,17.20,0,1
19103,18.54,40,1
19361,18.85,40,1
19619,19.15,40,1
19877,19.18,40,1
20135,19.17,40,1
20394,19.19,40,1
20652,19.17,40,1
20910,19.24,35,0
21426,19.24,35,0
21684,19.26,35,0
21943,19.23,35,0
22201,19.26,35,0
22459,19.20,35,0
22717,19.25,35,0
22975,19.26,45,0
23233,21.24,35,0
23492,23.82,35,0
23750,23.70,35,0
24008,23.65,35,0
24524,23.66,35,0
24782,23.64,35,0
25041,23.67,45,0
25299,24.63,35,0
25557,25.47,35,0
25815,25.75,35,0
26073,25.74,35,0
26331,25.80,35,0
26590,25.78,35,0
26848,25.68,35,0
27106,25.74,45,0
27622,25.71,35,0
27880,26.01,35,0
28138,26.98,35,0
28397,29.83,35,0
28655,31.38,35,0
28913,31.43,35,0
29171,31.49,45,0
29429,31.76,35,0
29687,31.82,35,0
29946,31.85,35,0
30204,32.04,35,0
=== DATA END ===

Test selesai   : Durasi maksimal tercapai
Sudut test     : 35 derajat
Bridging count : 1x

FORMAT: timestamp_ms,massa_g,sudut_servo,bridging
  bridging: 0=normal, 1=hammer pulse aktif

Co d& aC  AA SAT    Q END
Ketik 's' untuk test ulang, atau ubah sudut dulu.

