                                                                
Sudut test diubah: 40 derajat


Taring load cell...
Tare selesai. Load cell = 0.00g


Memulai test dalam 3 detik...
3...
2...
1...
=== DATA START ===
timestamp_ms,massa_g,sudut_servo,bridging
0,0.04,0,0
100,0.04,40,0
258,1.68,40,0
517,7.70,40,0
775,10.07,40,0
1033,9.80,40,0
1291,9.82,40,0
1549,9.80,40,0
1807,9.76,40,0
2065,9.73,45,0
2323,12.53,40,0
2581,14.41,40,0
2840,14.32,40,0
3098,14.15,40,0
3614,14.14,40,0
3872,14.13,40,0
4130,14.13,45,0
4388,14.77,40,0
4646,16.41,40,0
4905,17.56,40,0
5163,17.55,40,0
5421,17.63,40,0
5679,17.68,40,0
5937,17.73,40,0
6195,19.44,45,0
6711,23.55,40,0
6969,24.33,40,0
7228,24.34,40,0
7486,24.30,40,0
7744,24.39,40,0
8002,24.41,40,0
8260,24.38,45,0
8518,27.31,40,0
8776,28.32,40,0
9034,28.18,40,0
9292,28.08,40,0
9809,28.12,40,0
10067,28.18,40,0
10325,28.12,45,0
10583,28.63,40,0
10841,28.76,40,0
11099,28.71,40,0
11357,28.79,40,0
11616,28.78,40,0
11874,28.82,40,0
12132,28.83,40,0
12390,28.89,45,0
12906,28.86,40,0
13164,28.87,40,0
13422,28.87,40,0
13680,28.88,40,0
13939,28.90,40,0
14197,28.90,40,0
14455,28.85,45,0
14713,28.88,40,0
14971,29.01,40,0
15229,29.10,40,0
>> BRIDGING #1 @29.09g -> HAMMER
15487,29.12,0,1
16003,29.21,40,1
16261,29.25,40,1
16519,29.27,40,1
16777,29.24,40,1
17036,29.22,40,1
17294,29.23,40,1
17552,29.23,40,1
17810,29.23,40,0
18326,29.22,40,0
18584,29.20,40,0
18843,29.21,40,0
19101,29.26,40,0
19359,29.20,40,0
19617,29.21,40,0
19875,29.39,45,0
20133,31.93,40,0
20392,34.69,40,0
20650,34.54,40,0
20908,34.48,40,0
21424,34.58,40,0
21682,34.47,40,0
21940,34.41,45,0
22198,36.99,40,0
22456,40.99,40,0
22715,41.36,40,0
22973,41.27,40,0
23231,41.41,40,0
23489,41.32,40,0
23747,41.38,40,0
24005,42.30,45,0
24521,43.21,40,0
24779,45.49,40,0
25037,46.84,40,0
25296,47.28,40,0
25554,47.33,40,0
25812,47.34,40,0
26070,47.35,45,0
26328,50.53,40,0
=== DATA END ===

Test selesai   : Massa maksimal tercapai
Sdu tet     : 0 derajat
Bridging count : 1x

FORMAT: timestamp_ms,massa_g,sudut_servo,bridging
  bridging: 0=normal, 1=hammer pulse aktif

Copy data antara DATA START dan DATA END
Ketik 's' untuk test ulang, atau ubah sudut dulu.


Taring load cell...
Tare selesai. Load cell = 0.00g


Memulai test dalam 3 detik...
3...
2...
1...
=== DATA START ===
timestamp_ms,massa_g,sudut_servo,bridging
0,0.07,0,0
100,0.13,40,0
258,1.01,40,0
516,1.36,40,0
774,1.33,40,0
1032,1.31,40,0
1290,1.31,40,0
1548,1.33,40,0
1806,1.38,40,0
2064,1.34,45,0
2323,1.49,40,0
2581,1.47,40,0
2839,1.51,40,0
3097,1.53,40,0
3613,1.53,40,0
3871,1.50,40,0
4129,1.53,45,0
4387,3.11,40,0
4646,3.47,40,0
4904,3.33,40,0
5162,3.32,40,0
5420,3.40,40,0
5678,3.50,40,0
5936,3.48,40,0
6194,3.55,45,0
6710,3.64,40,0
6969,4.65,40,0
7227,5.24,40,0
7485,5.04,40,0
7743,5.08,40,0
8001,5.06,40,0
8259,5.15,45,0
8517,7.31,40,0
8775,9.79,40,0
9033,9.76,40,0
9292,9.52,40,0
9808,9.72,40,0
10066,9.69,40,0
10324,9.78,45,0
10582,10.56,40,0
10840,11.77,40,0
11098,12.11,40,0
11357,12.11,40,0
11615,12.00,40,0
11873,12.06,40,0
12131,12.13,40,0
12389,14.43,45,0
12905,15.19,40,0
13163,16.05,40,0
13421,18.09,40,0
13680,19.03,40,0
13938,19.72,40,0
14196,19.53,40,0
14454,19.57,45,0
14712,19.69,40,0
14970,19.86,40,0
15228,19.88,40,0
15486,19.83,40,0
16003,19.87,40,0
16261,19.85,40,0
16519,19.83,45,0
16777,20.93,40,0
17035,21.00,40,0
17293,20.98,40,0
17551,20.99,40,0
17810,20.99,40,0
18068,20.97,40,0
18326,20.99,40,0
18584,20.95,45,0
19100,20.97,40,0
19358,20.98,40,0
19616,20.96,40,0
19874,21.00,40,0
20133,20.94,40,0
20391,20.94,40,0
20649,20.97,45,0
20907,22.35,40,0
21165,25.12,40,0
21423,29.04,40,0
21681,30.39,40,0
22197,30.31,40,0
22456,30.32,40,0
22714,30.30,45,0
22972,32.72,40,0
23230,35.75,40,0
23488,36.20,40,0
23746,36.58,40,0
24004,38.31,40,0
24262,40.01,40,0
24520,40.97,40,0
24779,43.68,45,0
25295,46.38,40,0
25553,46.51,40,0
25811,47.02,40,0
26069,47.29,40,0
26327,47.25,40,0
26585,47.27,40,0
26843,47.24,45,0
27102,47.51,40,0
27360,48.34,40,0
27618,48.52,40,0
27876,48.51,40,0
28392,48.37,40,0
28650,48.36,40,0
28908,48.42,45,0
29166,48.67,40,0
29425,49.02,40,0
29683,49.08,40,0
29941,49.03,40,0
30199,48.98,40,0
=== DATA END ===

Test selesai   : Durasi maksimal tercapai
Sudut test     : 40 derajat
Brdgng count : 0x

FORMAT: timestamp_ms,massa_g,sudut_servo,bridging
  bridging: 0=normal, 1=hammer pulse aktif

Copy data antara DATA START dan DATA END
Ketik 's' untuk test ulang, atau ubah sudut dulu.


Taring load cell...
Tare selesai. Load cell = 0.00g


Memulai test dalam 3 detik...
3...
2...
1...
=== DATA START ===
timestamp_ms,massa_g,sudut_servo,bridging
0,-0.22,0,0
100,-0.20,40,0
258,1.39,40,0
516,2.22,40,0
774,2.04,40,0
1032,2.16,40,0
1290,2.09,40,0
1548,2.18,40,0
1806,2.06,40,0
2065,2.20,45,0
2323,3.95,40,0
2581,4.42,40,0
2839,4.66,40,0
3097,4.49,40,0
3613,4.62,40,0
3871,4.52,40,0
4130,4.60,45,0
4388,6.94,40,0
4646,7.89,40,0
4904,7.74,40,0
5162,7.73,40,0
5420,7.79,40,0
5678,7.81,40,0
5936,7.77,40,0
6195,9.58,45,0
6711,13.68,40,0
6969,17.49,40,0
7227,19.82,40,0
7485,20.10,40,0
7743,20.02,40,0
8001,20.05,40,0
8259,20.11,45,0
8518,22.41,40,0
8776,23.50,40,0
9034,27.38,40,0
9292,28.15,40,0
9808,28.16,40,0
10066,28.14,40,0
10324,28.15,45,0
10583,29.41,40,0
10841,34.05,40,0
11099,36.99,40,0
11357,37.72,40,0
11615,37.90,40,0
11873,37.94,40,0
12131,37.91,40,0
12389,38.71,45,0
12906,40.99,40,0
13164,41.45,40,0
13422,41.32,40,0
13680,41.30,40,0
13938,41.17,40,0
14196,41.44,40,0
14454,41.71,45,0
14712,43.18,40,0
14971,45.10,40,0
15229,46.12,40,0
15487,46.45,40,0
16003,46.50,40,0
16261,46.44,40,0
16519,46.45,45,0
16777,47.40,40,0
17036,47.95,40,0
17294,48.10,40,0
17552,48.16,40,0
17810,48.05,40,0
18068,48.13,40,0
18326,48.33,40,0
18584,48.82,45,0
19101,48.91,40,0
19359,49.01,40,0
19617,49.20,40,0
19875,49.10,40,0
20133,49.05,40,0
20391,49.03,40,0
20649,49.13,45,0
20907,49.21,40,0
21166,49.47,40,0
21424,49.55,40,0
21682,49.46,40,0
22198,49.46,40,0
22456,49.47,40,0
22714,49.47,45,0
22972,49.58,40,0
23231,50.35,40,0
=== DATA END ===

Test selesai   : Massa maksimal tercapai
Sudut test     : 40 derajat
Bridging count : 0x

FORMAT: timestamp_ms,massa_g,sudut_servo,bridging
  bridging: 0=norN+ 1=hamrpuse ktif

Copy data antara DATA START dan DATA END
Ketik 's' untuk test ulang, atau ubah sudut dulu.

