======== PARAMETER AKTIF ========
Setpoint    : 25.0g
- Zona 1 Besar (eNorm >50%) -
  Kp1=1.65  Ki1=3.088  Kd1=0.279
- Zona 2 Sedang (15-50%) -
  Kp2=2.30  Ki2=0.753  Kd2=0.563
- Zona 3 Kecil (<=15%) -
  Kp3=2.50  Ki3=0.181  Kd3=0.030
- Sistem -
  SUDUT_MIN : 20deg
  SUDUT_BUKA: 40deg
  EARLY_STOP: SP - 0.40g
  STOP saat : 24.60g
  HAMMER_TH : error > 3.0g
=================================
RESET. Servo tutup. Tare selesai. Siap.
=== TRIAL START ===
Controller: Gain Scheduling PID
TrialNo: 4
Setpoint_g: 25.00
EarlyStop_g: 0.40
StopTarget_g: 24.60
Z1_Rule: eNorm_gt_50
Z1_Kp: 1.650
Z1_Ki: 3.088
Z1_Kd: 0.279
Z1_IntMax: 15.00
Z2_Rule: 15_lt_eNorm_le_50
Z2_Kp: 2.300
Z2_Ki: 0.753
Z2_Kd: 0.563
Z2_IntMax: 30.00
Z3_Rule: eNorm_le_15_or_abs_error_le_2g
Z3_Kp: 2.500
Z3_Ki: 0.181
Z3_Kd: 0.030
Z3_IntMax: 30.00
ServoMin_deg: 20
ServoMax_deg: 40
HammerThreshold_g: 3.00
Sampling_ms: 100
DataFormat: DATA,ms,mass_g,error_g,error_pct,output,servo_deg,zone,I,D,flow_gps,bridging_count
=== DATA START ===
>> GANTI ZONA: 0 -> 1 @0.04g
DATA,100,0.04,24.96,99.8,100.0,40,Z1,2.496,249.615,0.38,0
DATA,218,0.00,25.00,100.0,56.8,31,Z1,4.996,0.340,0.00,0
DATA,476,1.42,23.58,94.3,57.7,31,Z1,7.353,-14.180,14.18,0
DATA,734,2.78,22.22,88.9,62.4,32,Z1,9.575,-13.578,13.58,0
DATA,993,2.57,22.43,89.7,74.1,34,Z1,11.818,2.072,0.00,0
DATA,1251,2.58,22.42,89.7,80.4,35,Z1,14.060,-0.118,0.12,0
DATA,1509,2.61,22.39,89.6,83.2,36,Z1,15.000,-0.263,0.26,0
DATA,1767,3.00,22.00,88.0,81.6,36,Z1,15.000,-3.840,3.84,0
DATA,2026,3.05,21.95,87.8,82.4,36,Z1,15.000,-0.566,0.57,0
DATA,2284,3.03,21.97,87.9,82.6,36,Z1,15.000,0.240,0.00,0
DATA,2542,5.86,19.14,76.5,70.0,33,Z1,15.000,-28.357,28.36,0
DATA,2800,9.65,15.35,61.4,61.1,32,Z1,15.000,-37.895,37.90,0
DATA,3059,11.55,13.45,53.8,63.2,32,Z1,15.000,-18.997,19.00,0
>> GANTI ZONA: 1 -> 2 @12.87g
DATA,3317,12.87,12.13,48.5,21.4,24,Z2,1.213,-13.134,13.13,0
DATA,3575,12.96,12.04,48.1,29.0,25,Z2,2.417,-0.973,0.97,0
DATA,3833,13.02,11.98,47.9,29.9,25,Z2,3.615,-0.588,0.59,0
DATA,4092,13.04,11.96,47.8,31.0,26,Z2,4.810,-0.215,0.21,0
DATA,4350,13.22,11.78,47.1,30.6,25,Z2,5.988,-1.813,1.81,0
DATA,4608,14.90,10.10,40.4,19.1,23,Z2,6.998,-16.719,16.72,0
DATA,4866,15.37,9.63,38.5,25.5,24,Z2,7.962,-4.699,4.70,0
DATA,5125,15.19,9.81,39.2,30.3,25,Z2,8.943,1.761,0.00,0
DATA,5383,15.05,9.95,39.8,31.1,26,Z2,9.937,1.372,0.00,0
DATA,5641,15.26,9.74,39.0,29.5,25,Z2,10.912,-2.027,2.03,0
DATA,5900,15.29,9.71,38.9,31.1,26,Z2,11.883,-0.307,0.31,0
DATA,6158,15.24,9.76,39.1,32.4,26,Z2,12.859,0.499,0.00,0
DATA,6416,15.05,9.95,39.8,34.4,26,Z2,13.855,1.894,0.00,0
DATA,6674,15.13,9.87,39.5,33.4,26,Z2,14.841,-0.851,0.85,0
DATA,6933,15.43,9.57,38.3,32.3,26,Z2,15.799,-2.952,2.95,0
DATA,7191,15.88,9.12,36.5,31.0,25,Z2,16.710,-4.562,4.56,0
DATA,7449,15.81,9.19,36.8,34.9,26,Z2,17.629,0.770,0.00,0
DATA,7708,15.79,9.21,36.8,35.2,26,Z2,18.550,0.126,0.00,0
DATA,7966,15.68,9.32,37.3,36.8,27,Z2,19.482,1.147,0.00,0
DATA,8224,15.72,9.28,37.1,36.5,27,Z2,20.410,-0.407,0.41,0
DATA,8482,15.89,9.11,36.4,36.0,27,Z2,21.321,-1.724,1.72,0
DATA,8741,16.64,8.36,33.5,31.7,26,Z2,22.157,-7.432,7.43,0
DATA,8999,17.07,7.93,31.7,33.1,26,Z2,22.950,-4.351,4.35,0
DATA,9257,17.51,7.49,29.9,32.6,26,Z2,23.699,-4.425,4.42,0
DATA,9515,17.11,7.89,31.6,38.9,27,Z2,24.488,4.029,0.00,0
DATA,9774,17.15,7.85,31.4,36.8,27,Z2,25.272,-0.422,0.42,0
DATA,10032,16.93,8.07,32.3,39.5,27,Z2,26.079,2.227,0.00,0
DATA,10290,17.05,7.95,31.8,37.8,27,Z2,26.874,-1.214,1.21,0
DATA,10549,16.95,8.05,32.2,39.9,27,Z2,27.679,0.984,0.00,0
DATA,10807,17.64,7.36,29.4,34.4,26,Z2,28.414,-6.915,6.91,0
DATA,11065,18.06,6.94,27.7,35.5,26,Z2,29.108,-4.195,4.20,0
DATA,11323,18.33,6.67,26.7,36.3,27,Z2,29.776,-2.612,2.61,0
DATA,11582,18.23,6.77,27.1,38.7,27,Z2,30.000,0.981,0.00,0
DATA,11840,18.15,6.85,27.4,38.8,27,Z2,30.000,0.791,0.00,0
DATA,12098,18.10,6.90,27.6,38.7,27,Z2,30.000,0.448,0.00,0
DATA,12357,18.11,6.89,27.6,38.4,27,Z2,30.000,-0.037,0.04,0
DATA,12615,18.14,6.86,27.4,38.2,27,Z2,30.000,-0.340,0.34,0
DATA,12873,18.52,6.48,25.9,35.4,26,Z2,30.000,-3.751,3.75,0
DATA,13131,18.71,6.29,25.1,35.9,26,Z2,30.000,-1.968,1.97,0
DATA,13390,18.78,6.22,24.9,36.5,27,Z2,30.000,-0.655,0.65,0
DATA,13648,18.71,6.29,25.1,37.4,27,Z2,30.000,0.655,0.00,0
DATA,13906,18.62,6.38,25.5,37.8,27,Z2,30.000,0.884,0.00,0
DATA,14164,18.66,6.34,25.3,36.9,27,Z2,30.000,-0.385,0.38,0
DATA,14423,18.65,6.35,25.4,37.3,27,Z2,30.000,0.155,0.00,0
DATA,14681,18.65,6.35,25.4,37.2,27,Z2,30.000,-0.011,0.01,0
DATA,14939,18.62,6.38,25.5,37.4,27,Z2,30.000,0.263,0.00,0
DATA,15197,18.69,6.31,25.2,36.7,27,Z2,30.000,-0.662,0.66,0
DATA,15456,18.67,6.33,25.3,37.2,27,Z2,30.000,0.178,0.00,0
DATA,15714,18.70,6.30,25.2,36.9,27,Z2,30.000,-0.263,0.26,0
DATA,15972,18.67,6.33,25.3,37.3,27,Z2,30.000,0.233,0.00,0
DATA,16231,18.63,6.37,25.5,37.5,27,Z2,30.000,0.444,0.00,0
DATA,16489,18.62,6.38,25.5,37.3,27,Z2,30.000,0.107,0.00,0
DATA,16747,18.63,6.37,25.5,37.2,27,Z2,30.000,-0.074,0.07,0
DATA,17006,18.81,6.19,24.8,35.8,26,Z2,30.000,-1.816,1.82,0
DATA,17264,18.98,6.02,24.1,35.5,26,Z2,30.000,-1.720,1.72,0
DATA,17522,19.00,6.00,24.0,36.2,27,Z2,30.000,-0.237,0.24,0
DATA,17780,19.02,5.98,23.9,36.2,27,Z2,30.000,-0.189,0.19,0
DATA,18039,19.04,5.96,23.8,36.2,27,Z2,30.000,-0.222,0.22,0
DATA,18297,19.03,5.97,23.9,36.4,27,Z2,30.000,0.118,0.00,0
BRIDGING #1 @19.03g Z2 hammer
DATA,18555,19.03,5.97,23.9,36.3,27,Z2,30.000,0.011,0.00,1
DATA,18814,19.04,5.96,23.8,36.2,27,Z2,30.000,-0.114,0.11,1
DATA,19072,19.00,6.00,24.0,36.6,27,Z2,30.000,0.400,0.00,1
DATA,19330,18.97,6.03,24.1,36.7,27,Z2,30.000,0.370,0.00,1
DATA,19588,19.31,5.69,22.8,33.8,26,Z2,30.000,-3.396,3.40,1
DATA,19846,20.93,4.07,16.3,22.8,24,Z2,30.000,-16.271,16.27,1
>> GANTI ZONA: 2 -> 3 @21.27g
DATA,20105,21.27,3.73,14.9,9.3,21,Z3,0.373,-3.381,3.38,1
DATA,20363,21.42,3.58,14.3,9.0,21,Z3,0.731,-1.450,1.45,1
DATA,20621,21.57,3.43,13.7,8.7,21,Z3,1.074,-1.573,1.57,1
DATA,20879,21.39,3.61,14.4,9.3,21,Z3,1.435,1.846,0.00,1
DATA,21138,21.46,3.54,14.2,9.1,21,Z3,1.789,-0.736,0.74,1
DATA,21396,22.01,2.99,12.0,7.7,21,Z3,2.088,-5.450,5.45,1
DATA,21654,22.14,2.86,11.4,7.5,21,Z3,2.374,-1.332,1.33,1
DATA,21912,22.33,2.67,10.7,7.1,21,Z3,2.641,-1.887,1.89,1
DATA,22171,22.28,2.72,10.9,7.3,21,Z3,2.913,0.488,0.00,1
DATA,22429,22.10,2.90,11.6,7.9,21,Z3,3.203,1.787,0.00,1
DATA,22687,22.03,2.97,11.9,8.1,21,Z3,3.501,0.751,0.00,1
DATA,22946,22.02,2.98,11.9,8.1,21,Z3,3.799,0.089,0.00,1
DATA,23204,22.28,2.72,10.9,7.5,21,Z3,4.071,-2.579,2.58,1
DATA,23462,22.34,2.66,10.7,7.4,21,Z3,4.338,-0.618,0.62,1
DATA,23721,22.21,2.79,11.2,7.9,21,Z3,4.617,1.276,0.00,1
DATA,23979,22.15,2.85,11.4,8.0,21,Z3,4.902,0.584,0.00,1
DATA,24237,22.10,2.90,11.6,8.2,21,Z3,5.192,0.544,0.00,1
DATA,24495,22.30,2.70,10.8,7.7,21,Z3,5.462,-2.061,2.06,1
DATA,24754,22.15,2.85,11.4,8.2,21,Z3,5.747,1.576,0.00,1
DATA,25012,22.07,2.93,11.7,8.4,21,Z3,6.040,0.703,0.00,1
DATA,25270,22.49,2.51,10.0,7.3,21,Z3,6.291,-4.151,4.15,1
DATA,25529,22.67,2.33,9.3,6.9,21,Z3,6.524,-1.809,1.81,1
DATA,25787,22.59,2.41,9.6,7.3,21,Z3,6.764,0.766,0.00,1
DATA,26045,22.50,2.50,10.0,7.5,21,Z3,7.014,0.925,0.00,1
DATA,26303,22.35,2.65,10.6,8.0,21,Z3,7.279,1.524,0.00,1
DATA,26562,22.28,2.72,10.9,8.2,21,Z3,7.551,0.729,0.00,1
DATA,26820,22.42,2.58,10.3,7.8,21,Z3,7.809,-1.476,1.48,1
DATA,27078,22.50,2.50,10.0,7.7,21,Z3,8.059,-0.759,0.76,1
DATA,27337,22.58,2.42,9.7,7.5,21,Z3,8.302,-0.755,0.75,1
DATA,27595,22.47,2.53,10.1,7.9,21,Z3,8.555,1.077,0.00,1
DATA,27853,22.35,2.65,10.6,8.3,21,Z3,8.820,1.206,0.00,1
DATA,28111,22.50,2.50,10.0,7.9,21,Z3,9.070,-1.506,1.51,1
DATA,28370,22.52,2.48,9.9,7.9,21,Z3,9.318,-0.255,0.26,1
DATA,28628,22.39,2.61,10.4,8.3,21,Z3,9.579,1.354,0.00,1
DATA,28886,22.40,2.60,10.4,8.3,21,Z3,9.839,-0.129,0.13,1
DATA,29145,22.52,2.48,9.9,8.0,21,Z3,10.087,-1.195,1.19,1
DATA,29403,22.55,2.45,9.8,8.0,21,Z3,10.332,-0.337,0.34,1
DATA,29661,22.67,2.33,9.3,7.7,21,Z3,10.565,-1.125,1.12,1
DATA,29919,22.53,2.47,9.9,8.2,21,Z3,10.812,1.339,0.00,1
DATA,30178,22.52,2.48,9.9,8.2,21,Z3,11.060,0.081,0.00,1
DATA,30436,22.61,2.39,9.6,8.0,21,Z3,11.299,-0.840,0.84,1
DATA,30694,22.55,2.45,9.8,8.2,21,Z3,11.543,0.562,0.00,1
DATA,30953,22.56,2.44,9.8,8.2,21,Z3,11.787,-0.092,0.09,1
DATA,31211,22.56,2.44,9.8,8.3,21,Z3,12.032,0.059,0.00,1
DATA,31469,23.49,1.51,6.0,5.7,20,Z3,12.182,-9.382,9.38,1
DATA,31727,24.07,0.93,3.7,4.4,20,Z3,12.275,-5.808,5.81,1
DATA,31986,24.02,0.98,3.9,4.7,20,Z3,12.373,0.544,0.00,1
DATA,32244,24.06,0.94,3.8,4.6,20,Z3,12.467,-0.385,0.38,1
DATA,32502,24.00,1.00,4.0,4.8,20,Z3,12.568,0.629,0.00,1
DATA,32761,24.06,0.94,3.7,4.6,20,Z3,12.661,-0.692,0.69,1
DATA,33019,24.06,0.94,3.8,4.7,20,Z3,12.755,0.037,0.00,1
DATA,33277,24.08,0.92,3.7,4.6,20,Z3,12.847,-0.174,0.17,1
DATA,33536,24.08,0.92,3.7,4.6,20,Z3,12.939,-0.059,0.06,1
DATA,33794,24.11,0.89,3.5,4.6,20,Z3,13.028,-0.285,0.28,1
DATA,34052,24.10,0.90,3.6,4.6,20,Z3,13.117,0.118,0.00,1
DATA,34310,24.14,0.86,3.4,4.5,20,Z3,13.203,-0.403,0.40,1
DATA,34569,24.08,0.92,3.7,4.7,20,Z3,13.296,0.648,0.00,1
DATA,34827,24.08,0.92,3.7,4.7,20,Z3,13.387,-0.082,0.08,1
DATA,35085,24.08,0.92,3.7,4.7,20,Z3,13.479,0.074,0.00,1
DATA,35344,24.09,0.91,3.6,4.7,20,Z3,13.570,-0.122,0.12,1
DATA,35602,24.25,0.75,3.0,4.3,20,Z3,13.645,-1.654,1.65,1
DATA,35860,24.19,0.81,3.3,4.5,20,Z3,13.726,0.688,0.00,1
DATA,36118,23.92,1.08,4.3,5.3,20,Z3,13.834,2.615,0.00,1
DATA,36377,23.98,1.02,4.1,5.0,20,Z3,13.935,-0.603,0.60,1
DATA,36635,24.17,0.83,3.3,4.5,20,Z3,14.018,-1.876,1.88,1
DATA,36893,24.24,0.76,3.1,4.4,20,Z3,14.094,-0.647,0.65,1
DATA,37152,24.25,0.75,3.0,4.4,20,Z3,14.169,-0.133,0.13,1
DATA,37410,24.20,0.80,3.2,4.6,20,Z3,14.249,0.496,0.00,1
DATA,37668,24.45,0.55,2.2,3.9,20,Z3,14.304,-2.508,2.51,1
--------------------------------------------
STOP       : TARGET
Setpoint   : 25.0g
Massa akhir: 25.02g
Error akhir: 0.02g
Error%     : 0.1%
Durasi     : 39389ms
Bridging   : 1x
Zona hits  : Z1=13 Z2=65 Z3=69
STATUS     : AKURAT
=== SUMMARY TRIAL ===
Controller: Gain Scheduling PID
TrialNo: 4
Setpoint_g: 25.00
EarlyStop_g: 0.40
StopTarget_g: 24.60
Z1_Kp: 1.650
Z1_Ki: 3.088
Z1_Kd: 0.279
Z1_IntMax: 15.00
Z2_Kp: 2.300
Z2_Ki: 0.753
Z2_Kd: 0.563
Z2_IntMax: 30.00
Z3_Kp: 2.500
Z3_Ki: 0.181
Z3_Kd: 0.030
Z3_IntMax: 30.00
ServoMin_deg: 20
ServoMax_deg: 40
HammerThreshold_g: 3.00
FinalMass_g: 25.02
FinalError_g: 0.02
FinalError_pct: 0.08
Duration_ms: 39389
Duration_s: 39.39
TimeTo90_ms: 25529
RiseTime_10_90_ms: 24795
TimeToTolerance_ms: 31727
SettlingTime_ms: 31727
SettlingTol_pct: 5.00
SettlingTol_g: 1.25
MaxMass_g: 25.02
MaxOvershoot_g: 0.02
MaxOvershoot_pct: 0.08
BridgingCount: 1
ZonaHit_Z1: 13
ZonaHit_Z2: 65
ZonaHit_Z3: 69
Status: AKURAT
Valid: TRUE
StopReason: TARGET
=== TRIAL END ===
--------------------------------------------
r=reset | g=ulangi | c=parameter
