======== PARAMETER AKTIF (Fixed PID) ========
Setpoint   : 20.0g
Kp         : 2.50
Ki         : 0.150
Kd         : 0.030
IntMax     : 30.0
SUDUT_MIN  : 20deg
SUDUT_BUKA : 40deg
EARLY_STOP : SP - 0.40g
STOP saat  : 19.6g
HAMMER_TH  : error > 3.0g
=================================================
RESET. Servo tutup. Tare selesai. Siap.
=== TRIAL START ===
Controller: Fixed PID
TrialNo: 9
Setpoint_g: 20.00
EarlyStop_g: 0.40
StopTarget_g: 19.60
Kp: 2.500
Ki: 0.150
Kd: 0.030
IntMax: 30.00
ServoMin_deg: 20
ServoMax_deg: 40
HammerThreshold_g: 3.00
Sampling_ms: 100
DataFormat: DATA,ms,mass_g,error_g,error_pct,output,servo_deg,zone,I,D,bridging_count
=== DATA START ===
DATA,100,0.00,20.00,100.0,56.3,31,Z1,2.000,200.000,0
DATA,218,0.05,19.95,99.7,50.4,29,Z1,3.995,-0.537,0
DATA,476,1.42,18.58,92.9,46.9,29,Z1,5.853,-13.674,0
DATA,734,2.26,17.74,88.7,45.2,28,Z1,7.626,-8.431,0
DATA,993,2.24,17.76,88.8,45.8,28,Z1,9.403,0.285,0
DATA,1251,2.45,17.55,87.7,45.5,28,Z1,11.158,-2.146,0
DATA,1509,2.29,17.71,88.6,46.3,29,Z1,12.929,1.639,0
DATA,1767,2.10,17.90,89.5,47.0,29,Z1,14.719,1.880,0
DATA,2025,2.23,17.77,88.8,46.8,29,Z1,16.496,-1.362,0
DATA,2284,2.15,17.85,89.3,47.4,29,Z1,18.281,0.877,0
DATA,2542,2.60,17.40,87.0,46.4,29,Z1,20.020,-4.573,0
DATA,2800,3.58,16.42,82.1,44.0,28,Z1,21.662,-9.759,0
DATA,3058,3.73,16.27,81.4,44.1,28,Z1,23.290,-1.484,0
DATA,3316,3.85,16.15,80.7,44.1,28,Z1,24.904,-1.243,0
DATA,3575,3.94,16.06,80.3,44.1,28,Z1,26.511,-0.829,0
DATA,3833,3.88,16.12,80.6,44.5,28,Z1,28.123,0.544,0
DATA,4091,3.83,16.17,80.8,44.9,28,Z1,29.739,0.477,0
DATA,4349,3.84,16.16,80.8,44.9,28,Z1,30.000,-0.048,0
DATA,4607,4.29,15.71,78.5,43.6,28,Z1,30.000,-4.551,0
DATA,4866,4.57,15.43,77.1,43.0,28,Z1,30.000,-2.786,0
DATA,5124,4.58,15.42,77.1,43.0,28,Z1,30.000,-0.089,0
DATA,5382,4.63,15.37,76.8,42.9,28,Z1,30.000,-0.507,0
DATA,5640,4.59,15.41,77.0,43.0,28,Z1,30.000,0.385,0
DATA,5898,4.61,15.39,77.0,43.0,28,Z1,30.000,-0.122,0
DATA,6157,4.65,15.35,76.7,42.9,28,Z1,30.000,-0.466,0
DATA,6415,4.68,15.32,76.6,42.8,28,Z1,30.000,-0.270,0
DATA,6673,5.04,14.96,74.8,41.8,28,Z1,30.000,-3.593,0
DATA,6931,5.34,14.66,73.3,41.1,28,Z1,30.000,-2.989,0
DATA,7189,5.19,14.81,74.0,41.6,28,Z1,30.000,1.421,0
DATA,7447,5.16,14.84,74.2,41.6,28,Z1,30.000,0.359,0
DATA,7706,5.20,14.80,74.0,41.5,28,Z1,30.000,-0.447,0
DATA,7964,5.21,14.79,73.9,41.5,28,Z1,30.000,-0.078,0
DATA,8222,5.20,14.80,74.0,41.5,28,Z1,30.000,0.078,0
DATA,8480,5.45,14.55,72.7,40.8,27,Z1,30.000,-2.464,0
DATA,8738,6.63,13.37,66.8,37.6,27,Z1,30.000,-11.835,0
DATA,8997,8.61,11.39,56.9,32.4,26,Z1,30.000,-19.808,0
DATA,9255,8.33,11.67,58.3,33.7,26,Z1,30.000,2.800,0
DATA,9513,8.32,11.68,58.4,33.7,26,Z1,30.000,0.159,0
DATA,9771,8.39,11.61,58.1,33.5,26,Z1,30.000,-0.673,0
DATA,10030,8.19,11.81,59.0,34.1,26,Z1,30.000,1.916,0
DATA,10288,8.25,11.75,58.8,33.9,26,Z1,30.000,-0.518,0
DATA,10546,8.23,11.77,58.9,33.9,26,Z1,30.000,0.203,0
DATA,10804,11.36,8.64,43.2,25.2,24,Z2,30.000,-31.321,0
DATA,11062,13.78,6.22,31.1,19.3,23,Z2,30.000,-24.254,0
DATA,11321,13.52,6.48,32.4,20.8,23,Z2,30.000,2.649,0
DATA,11579,13.48,6.52,32.6,20.8,23,Z2,30.000,0.411,0
DATA,11837,13.46,6.54,32.7,20.9,23,Z2,30.000,0.204,0
DATA,12095,13.47,6.53,32.7,20.8,23,Z2,30.000,-0.111,0
DATA,12353,13.52,6.48,32.4,20.7,23,Z2,30.000,-0.511,0
DATA,12612,13.51,6.49,32.4,20.7,23,Z2,30.000,0.052,0
DATA,12870,14.59,5.41,27.0,17.7,23,Z2,30.000,-10.810,0
DATA,13128,15.53,4.47,22.3,15.4,22,Z2,30.000,-9.401,0
DATA,13386,15.54,4.46,22.3,15.6,22,Z2,30.000,-0.078,0
DATA,13644,15.57,4.43,22.1,15.6,22,Z2,30.000,-0.281,0
DATA,13903,15.59,4.41,22.1,15.5,22,Z2,30.000,-0.163,0
DATA,14161,15.59,4.41,22.0,15.5,22,Z2,30.000,-0.048,0
DATA,14419,15.61,4.39,21.9,15.5,22,Z2,30.000,-0.229,0
DATA,14677,15.61,4.39,22.0,15.5,22,Z2,30.000,0.055,0
DATA,14935,15.89,4.11,20.5,14.7,22,Z2,30.000,-2.823,0
DATA,15194,16.70,3.30,16.5,12.5,22,Z2,30.000,-8.050,0
DATA,15452,16.68,3.32,16.6,12.8,22,Z2,30.000,0.140,0
DATA,15710,16.70,3.30,16.5,12.7,22,Z2,30.000,-0.174,0
DATA,15968,16.72,3.28,16.4,12.7,22,Z2,30.000,-0.244,0
DATA,16227,16.68,3.32,16.6,12.8,22,Z2,30.000,0.396,0
DATA,16485,16.70,3.30,16.5,12.7,22,Z2,30.000,-0.155,0
DATA,16743,16.72,3.28,16.4,12.7,22,Z2,30.000,-0.240,0
DATA,17001,17.66,2.34,11.7,10.1,21,Z3,30.000,-9.327,0
DATA,17259,18.02,1.98,9.9,9.3,21,Z3,30.000,-3.622,0
DATA,17518,18.05,1.95,9.7,9.4,21,Z3,30.000,-0.329,0
DATA,17776,18.06,1.94,9.7,9.4,21,Z3,30.000,-0.056,0
DATA,18034,18.03,1.97,9.9,9.4,21,Z3,30.000,0.303,0
DATA,18292,17.84,2.16,10.8,10.0,21,Z3,30.000,1.916,0
DATA,18550,17.85,2.15,10.7,9.9,21,Z3,30.000,-0.155,0
DATA,18809,17.80,2.20,11.0,10.0,21,Z3,30.000,0.529,0
DATA,19067,18.53,1.47,7.3,7.9,21,Z3,30.000,-7.362,0
DATA,19325,18.80,1.20,6.0,7.4,21,Z3,30.000,-2.675,0
DATA,19583,18.73,1.27,6.3,7.7,21,Z3,30.000,0.699,0
DATA,19841,18.82,1.18,5.9,7.4,21,Z3,30.000,-0.855,0
DATA,20100,18.70,1.30,6.5,7.8,21,Z3,30.000,1.176,0
DATA,20358,18.62,1.38,6.9,8.0,21,Z3,30.000,0.784,0
DATA,20616,18.70,1.30,6.5,7.7,21,Z3,30.000,-0.799,0
DATA,20874,18.82,1.18,5.9,7.4,21,Z3,30.000,-1.147,0
DATA,21132,19.51,0.49,2.5,5.5,20,Z3,30.000,-6.892,0
--------------------------------------------
STOP       : TARGET
Setpoint   : 20.0g
Massa akhir: 20.14g
Error akhir: 0.14g
Error%     : 0.7%
Durasi     : 22853ms
Bridging   : 0x
STATUS     : AKURAT
=== SUMMARY TRIAL ===
Controller: Fixed PID
TrialNo: 9
Setpoint_g: 20.00
EarlyStop_g: 0.40
StopTarget_g: 19.60
Kp: 2.500
Ki: 0.150
Kd: 0.030
IntMax: 30.00
ServoMin_deg: 20
ServoMax_deg: 40
HammerThreshold_g: 3.00
FinalMass_g: 20.14
FinalError_g: 0.14
FinalError_pct: 0.68
Duration_ms: 22853
Duration_s: 22.85
TimeTo90_ms: 17259
RiseTime_10_90_ms: 16525
TimeToTolerance_ms: 21132
SettlingTime_ms: 21132
SettlingTol_pct: 5.00
SettlingTol_g: 1.00
MaxMass_g: 20.14
MaxOvershoot_g: 0.14
MaxOvershoot_pct: 0.68
BridgingCount: 0
Status: AKURAT
Valid: TRUE
StopReason: TARGET
=== TRIAL END ===
--------------------------------------------
r=reset | g=ulangi | c=parameter
