======== PARAMETER AKTIF (Fixed PID) ========
Setpoint    20.0g
Kp          2.50
Ki          0.150
Kd          0.030
IntMax      30.0
SUDUT_MIN   20deg
SUDUT_BUKA  40deg
EARLY_STOP  SP - 0.40g
STOP saat   19.6g
HAMMER_TH   error  3.0g
=================================================
RESET. Servo tutup. Tare selesai. Siap.
=== TRIAL START ===
Controller Fixed PID
TrialNo 1
Setpoint_g 20.00
EarlyStop_g 0.40
StopTarget_g 19.60
Kp 2.500
Ki 0.150
Kd 0.030
IntMax 30.00
ServoMin_deg 20
ServoMax_deg 40
HammerThreshold_g 3.00
Sampling_ms 100
DataFormat DATA,ms,mass_g,error_g,error_pct,output,servo_deg,zone,I,D,bridging_count
=== DATA START ===
DATA,100,0.00,20.00,100.0,56.3,31,Z1,2.000,199.985,0
DATA,218,0.00,20.00,100.0,50.6,29,Z1,4.000,0.015,0
DATA,476,0.81,19.19,95.9,48.6,29,Z1,5.919,-8.117,0
DATA,734,1.03,18.97,94.9,48.5,29,Z1,7.816,-2.160,0
DATA,992,1.06,18.94,94.7,48.8,29,Z1,9.710,-0.326,0
DATA,1251,1.10,18.90,94.5,49.0,29,Z1,11.600,-0.351,0
DATA,1509,1.10,18.90,94.5,49.3,29,Z1,13.490,-0.033,0
DATA,1767,1.01,18.99,95.0,49.8,29,Z1,15.390,0.932,0
DATA,2025,1.02,18.98,94.9,50.0,29,Z1,17.288,-0.118,0
DATA,2284,0.93,19.07,95.3,50.6,29,Z1,19.195,0.869,0
DATA,2542,2.45,17.55,87.8,46.6,29,Z1,20.950,-15.179,0
DATA,2800,3.37,16.63,83.2,44.7,28,Z1,22.613,-9.208,0
DATA,3058,2.85,17.15,85.7,46.7,29,Z1,24.328,5.150,0
DATA,3316,2.72,17.28,86.4,47.2,29,Z1,26.056,1.369,0
DATA,3575,2.80,17.20,86.0,47.1,29,Z1,27.776,-0.873,0
DATA,3833,2.96,17.04,85.2,47.0,29,Z1,29.480,-1.550,0
DATA,4091,2.63,17.37,86.8,48.0,29,Z1,30.000,3.278,0
DATA,4349,2.90,17.10,85.5,47.2,29,Z1,30.000,-2.642,0
DATA,4607,3.44,16.56,82.8,45.7,28,Z1,30.000,-5.464,0
DATA,4865,4.43,15.57,77.9,43.1,28,Z1,30.000,-9.863,0
DATA,5124,4.33,15.67,78.4,43.7,28,Z1,30.000,1.003,0
DATA,5382,4.31,15.69,78.5,43.7,28,Z1,30.000,0.218,0
DATA,5640,4.31,15.69,78.5,43.7,28,Z1,30.000,-0.007,0
DATA,5898,4.25,15.75,78.7,43.9,28,Z1,30.000,0.570,0
DATA,6157,4.24,15.76,78.8,43.9,28,Z1,30.000,0.118,0
DATA,6415,4.30,15.70,78.5,43.7,28,Z1,30.000,-0.614,0
DATA,6673,4.29,15.71,78.5,43.8,28,Z1,30.000,0.055,0
DATA,6931,4.25,15.75,78.8,43.9,28,Z1,30.000,0.481,0
DATA,7190,4.30,15.70,78.5,43.7,28,Z1,30.000,-0.551,0
DATA,7448,4.28,15.72,78.6,43.8,28,Z1,30.000,0.222,0
DATA,7706,4.28,15.72,78.6,43.8,28,Z1,30.000,0.041,0
DATA,7964,4.31,15.69,78.5,43.7,28,Z1,30.000,-0.315,0
DATA,8223,4.23,15.77,78.9,44.0,28,Z1,30.000,0.785,0
DATA,8481,4.27,15.73,78.7,43.8,28,Z1,30.000,-0.411,0
DATA,8739,6.04,13.96,69.8,38.9,27,Z1,30.000,-17.725,0
DATA,8997,8.34,11.66,58.3,33.0,26,Z1,30.000,-23.012,0
DATA,9255,8.18,11.82,59.1,34.1,26,Z1,30.000,1.658,0
DATA,9514,8.20,11.80,59.0,34.0,26,Z1,30.000,-0.204,0
DATA,9772,8.34,11.66,58.3,33.6,26,Z1,30.000,-1.447,0
DATA,10030,8.39,11.61,58.1,33.5,26,Z1,30.000,-0.433,0
DATA,10288,8.32,11.68,58.4,33.7,26,Z1,30.000,0.618,0
DATA,10547,8.07,11.93,59.6,34.4,26,Z1,30.000,2.493,0
DATA,10805,10.79,9.21,46.1,26.7,25,Z2,30.000,-27.107,0
DATA,11063,13.47,6.53,32.6,20.0,23,Z2,30.000,-26.870,0
DATA,11321,14.06,5.94,29.7,19.2,23,Z2,30.000,-5.853,0
DATA,11579,14.08,5.92,29.6,19.3,23,Z2,30.000,-0.200,0
DATA,11838,15.12,4.88,24.4,16.4,23,Z2,30.000,-10.422,0
DATA,12096,15.52,4.48,22.4,15.6,22,Z2,30.000,-3.988,0
DATA,12354,15.49,4.51,22.6,15.8,22,Z2,30.000,0.333,0
DATA,12612,15.50,4.50,22.5,15.7,22,Z2,30.000,-0.189,0
DATA,12870,15.93,4.07,20.3,14.5,22,Z2,30.000,-4.277,0
DATA,13129,15.98,4.02,20.1,14.5,22,Z2,30.000,-0.511,0
DATA,13387,15.99,4.01,20.0,14.5,22,Z2,30.000,-0.078,0
DATA,13645,16.02,3.98,19.9,14.4,22,Z2,30.000,-0.300,0
DATA,13903,15.96,4.04,20.2,14.6,22,Z2,30.000,0.599,0
DATA,14161,15.97,4.03,20.1,14.6,22,Z2,30.000,-0.100,0
DATA,14420,15.99,4.01,20.1,14.5,22,Z2,30.000,-0.181,0
DATA,14678,16.03,3.97,19.9,14.4,22,Z2,30.000,-0.392,0
DATA,14936,16.31,3.69,18.4,13.6,22,Z2,30.000,-2.826,0
DATA,15194,16.43,3.57,17.9,13.4,22,Z2,30.000,-1.184,0
DATA,15453,16.43,3.57,17.9,13.4,22,Z2,30.000,0.033,0
DATA,15711,16.38,3.62,18.1,13.6,22,Z2,30.000,0.455,0
DATA,15969,16.39,3.61,18.1,13.5,22,Z2,30.000,-0.092,0
DATA,16227,16.42,3.58,17.9,13.4,22,Z2,30.000,-0.337,0
DATA,16485,16.48,3.52,17.6,13.3,22,Z2,30.000,-0.544,0
DATA,16744,16.41,3.59,17.9,13.5,22,Z2,30.000,0.670,0
DATA,17002,17.09,2.91,14.5,11.6,22,Z3,30.000,-6.841,0
DATA,17260,17.62,2.38,11.9,10.3,21,Z3,30.000,-5.246,0
DATA,17518,17.71,2.29,11.5,10.2,21,Z3,30.000,-0.892,0
DATA,17776,17.71,2.29,11.4,10.2,21,Z3,30.000,-0.067,0
DATA,18035,17.68,2.32,11.6,10.3,21,Z3,30.000,0.370,0
DATA,18293,17.72,2.28,11.4,10.2,21,Z3,30.000,-0.470,0
DATA,18551,17.76,2.24,11.2,10.1,21,Z3,30.000,-0.374,0
DATA,18809,17.77,2.23,11.1,10.1,21,Z3,30.000,-0.119,0
DATA,19068,18.23,1.77,8.8,8.8,21,Z3,30.000,-4.591,0
DATA,19326,19.17,0.83,4.1,6.3,21,Z3,30.000,-9.375,0
DATA,19584,18.87,1.13,5.6,7.4,21,Z3,30.000,2.982,0
DATA,19842,19.00,1.00,5.0,7.0,21,Z3,30.000,-1.284,0
DATA,20100,19.17,0.83,4.2,6.5,21,Z3,30.000,-1.691,0
DATA,20359,19.14,0.86,4.3,6.7,21,Z3,30.000,0.337,0
DATA,20617,18.97,1.03,5.2,7.1,21,Z3,30.000,1.690,0
DATA,20875,19.00,1.00,5.0,7.0,21,Z3,30.000,-0.300,0
DATA,21133,18.96,1.04,5.2,7.1,21,Z3,30.000,0.352,0
DATA,21392,18.99,1.01,5.0,7.0,21,Z3,30.000,-0.326,0
DATA,21650,19.02,0.98,4.9,6.9,21,Z3,30.000,-0.277,0
DATA,21908,19.07,0.93,4.7,6.8,21,Z3,30.000,-0.466,0
DATA,22166,19.04,0.96,4.8,6.9,21,Z3,30.000,0.307,0
DATA,22424,19.03,0.97,4.9,6.9,21,Z3,30.000,0.130,0
DATA,22683,19.06,0.94,4.7,6.8,21,Z3,30.000,-0.329,0
DATA,22941,19.03,0.97,4.9,6.9,21,Z3,30.000,0.311,0
--------------------------------------------
STOP        TARGET
Setpoint    20.0g
Massa akhir 20.72g
Error akhir 0.72g
Error%      3.6%
Durasi      24661ms
Bridging    0x
STATUS      AKURAT
=== SUMMARY TRIAL ===
Controller Fixed PID
TrialNo 1
Setpoint_g 20.00
EarlyStop_g 0.40
StopTarget_g 19.60
Kp 2.500
Ki 0.150
Kd 0.030
IntMax 30.00
ServoMin_deg 20
ServoMax_deg 40
HammerThreshold_g 3.00
FinalMass_g 20.72
FinalError_g 0.72
FinalError_pct 3.58
Duration_ms 24661
Duration_s 24.66
TimeTo90_ms 19068
RiseTime_10_90_ms 16526
TimeToTolerance_ms 19326
SettlingTime_ms 21650
SettlingTol_pct 5.00
SettlingTol_g 1.00
MaxMass_g 20.72
MaxOvershoot_g 0.72
MaxOvershoot_pct 3.58
BridgingCount 0
Status AKURAT
Valid TRUE
StopReason TARGET
=== TRIAL END ===
--------------------------------------------
r=reset  g=ulangi  c=parameter
