======== PARAMETER AKTIF (Fixed PID) ========
Setpoint   : 20.0g
Kp         : 2.50
Ki         : 0.150
Kd         : 0.030
IntMax     : 30.0
SUDUT_MIN  : 20deg
SUDUT_BUKA : 40deg
EARLY_STOP : SP - 0.40g
STOP saat  : 19.6g
HAMMER_TH  : error > 3.0g
=================================================
RESET. Servo tutup. Tare selesai. Siap.
=== TRIAL START ===
Controller: Fixed PID
TrialNo: 10
Setpoint_g: 20.00
EarlyStop_g: 0.40
StopTarget_g: 19.60
Kp: 2.500
Ki: 0.150
Kd: 0.030
IntMax: 30.00
ServoMin_deg: 20
ServoMax_deg: 40
HammerThreshold_g: 3.00
Sampling_ms: 100
DataFormat: DATA,ms,mass_g,error_g,error_pct,output,servo_deg,zone,I,D,bridging_count
=== DATA START ===
DATA,100,0.00,20.00,100.0,56.3,31,Z1,2.000,200.000,0
DATA,218,0.00,20.00,100.0,50.6,29,Z1,4.000,0.000,0
DATA,476,1.26,18.74,93.7,47.4,29,Z1,5.874,-12.575,0
DATA,734,2.84,17.16,85.8,43.5,28,Z1,7.590,-15.875,0
DATA,992,3.08,16.92,84.6,43.6,28,Z1,9.281,-2.382,0
DATA,1250,2.99,17.01,85.1,44.2,28,Z1,10.983,0.943,0
DATA,1509,2.96,17.04,85.2,44.5,28,Z1,12.686,0.259,0
DATA,1767,2.88,17.12,85.6,45.0,28,Z1,14.399,0.869,0
DATA,2025,2.87,17.13,85.6,45.2,28,Z1,16.111,0.044,0
DATA,2283,3.08,16.92,84.6,44.9,28,Z1,17.803,-2.127,0
DATA,2541,4.54,15.46,77.3,41.1,28,Z1,19.349,-14.528,0
DATA,2800,5.85,14.15,70.7,38.1,27,Z1,20.764,-13.134,0
DATA,3058,6.28,13.72,68.6,37.5,27,Z1,22.136,-4.288,0
DATA,3316,6.25,13.75,68.8,37.9,27,Z1,23.512,0.314,0
DATA,3574,6.45,13.55,67.7,37.5,27,Z1,24.866,-2.053,0
DATA,3832,6.47,13.53,67.6,37.7,27,Z1,26.219,-0.203,0
DATA,4091,6.38,13.62,68.1,38.2,27,Z1,27.581,0.932,0
DATA,4349,6.39,13.61,68.1,38.4,27,Z1,28.942,-0.074,0
DATA,4607,7.32,12.68,63.4,35.9,26,Z1,30.000,-9.323,0
DATA,4865,9.04,10.96,54.8,31.4,26,Z1,30.000,-17.229,0
DATA,5123,8.85,11.15,55.7,32.4,26,Z1,30.000,1.927,0
DATA,5382,8.85,11.15,55.8,32.4,26,Z1,30.000,0.048,0
DATA,5640,8.88,11.12,55.6,32.3,26,Z1,30.000,-0.315,0
DATA,5898,8.84,11.16,55.8,32.4,26,Z1,30.000,0.351,0
DATA,6156,8.86,11.14,55.7,32.3,26,Z1,30.000,-0.196,0
DATA,6415,8.86,11.14,55.7,32.3,26,Z1,30.000,-0.011,0
DATA,6673,9.21,10.79,54.0,31.4,26,Z1,30.000,-3.433,0
DATA,6931,9.46,10.54,52.7,30.8,25,Z1,30.000,-2.538,0
DATA,7189,9.40,10.60,53.0,31.0,26,Z1,30.000,0.636,0
DATA,7447,9.42,10.58,52.9,30.9,25,Z1,30.000,-0.222,0
DATA,7706,9.43,10.57,52.8,30.9,25,Z1,30.000,-0.122,0
DATA,7964,9.43,10.57,52.9,30.9,25,Z1,30.000,0.033,0
DATA,8222,9.48,10.52,52.6,30.8,25,Z1,30.000,-0.518,0
DATA,8480,9.49,10.51,52.6,30.8,25,Z1,30.000,-0.067,0
DATA,8739,9.54,10.46,52.3,30.6,25,Z1,30.000,-0.525,0
DATA,8997,10.00,10.00,50.0,29.4,25,Z1,30.000,-4.603,0
DATA,9255,10.13,9.87,49.4,29.1,25,Z2,30.000,-1.269,0
DATA,9513,10.10,9.90,49.5,29.3,25,Z2,30.000,0.277,0
DATA,9771,10.25,9.75,48.8,28.8,25,Z2,30.000,-1.513,0
DATA,10030,10.21,9.79,48.9,29.0,25,Z2,30.000,0.362,0
DATA,10288,10.18,9.82,49.1,29.1,25,Z2,30.000,0.303,0
DATA,10546,10.03,9.97,49.8,29.5,25,Z2,30.000,1.506,0
DATA,10804,10.21,9.79,48.9,28.9,25,Z2,30.000,-1.831,0
DATA,11062,10.26,9.74,48.7,28.8,25,Z2,30.000,-0.473,0
DATA,11321,10.31,9.69,48.5,28.7,25,Z2,30.000,-0.477,0
DATA,11579,10.39,9.61,48.0,28.5,25,Z2,30.000,-0.832,0
DATA,11837,10.27,9.73,48.7,28.9,25,Z2,30.000,1.276,0
DATA,12095,10.26,9.74,48.7,28.9,25,Z2,30.000,0.059,0
BRIDGING #1 @10.32g hammer
DATA,12353,10.32,9.68,48.4,28.7,25,Z2,30.000,-0.625,1
DATA,12612,10.33,9.67,48.4,28.7,25,Z2,30.000,-0.048,1
DATA,12870,10.48,9.52,47.6,28.3,25,Z2,30.000,-1.491,1
DATA,13128,10.38,9.62,48.1,28.6,25,Z2,30.000,0.932,1
DATA,13386,11.07,8.93,44.7,26.6,25,Z2,30.000,-6.852,1
DATA,13644,13.30,6.70,33.5,20.6,23,Z2,30.000,-22.323,1
DATA,13902,13.23,6.77,33.8,21.4,24,Z2,30.000,0.659,1
DATA,14161,13.24,6.76,33.8,21.4,24,Z2,30.000,-0.082,1
DATA,14419,13.33,6.67,33.4,21.2,24,Z2,30.000,-0.840,1
DATA,14677,13.36,6.64,33.2,21.1,24,Z2,30.000,-0.359,1
DATA,14935,13.36,6.64,33.2,21.1,24,Z2,30.000,-0.026,1
DATA,15193,13.69,6.31,31.6,20.2,23,Z2,30.000,-3.237,1
DATA,15452,14.03,5.97,29.9,19.3,23,Z2,30.000,-3.377,1
DATA,15710,14.02,5.98,29.9,19.5,23,Z2,30.000,0.070,1
DATA,15968,14.04,5.96,29.8,19.4,23,Z2,30.000,-0.214,1
DATA,16226,14.04,5.96,29.8,19.4,23,Z2,30.000,0.044,1
DATA,16484,13.98,6.02,30.1,19.6,23,Z2,30.000,0.607,1
DATA,16743,13.98,6.02,30.1,19.5,23,Z2,30.000,-0.048,1
DATA,17001,14.25,5.75,28.8,18.8,23,Z2,30.000,-2.653,1
DATA,17259,14.26,5.74,28.7,18.8,23,Z2,30.000,-0.181,1
DATA,17517,14.30,5.70,28.5,18.7,23,Z2,30.000,-0.366,1
DATA,17776,14.35,5.65,28.2,18.6,23,Z2,30.000,-0.514,1
DATA,18034,14.36,5.64,28.2,18.6,23,Z2,30.000,-0.037,1
DATA,18292,14.32,5.68,28.4,18.7,23,Z2,30.000,0.403,1
BRIDGING #2 @14.26g hammer
DATA,18550,14.26,5.74,28.7,18.9,23,Z2,30.000,0.529,2
DATA,18809,14.38,5.62,28.1,18.5,23,Z2,30.000,-1.210,2
DATA,19067,14.24,5.76,28.8,18.9,23,Z2,30.000,1.398,2
DATA,19325,14.33,5.67,28.4,18.7,23,Z2,30.000,-0.821,2
DATA,19583,15.74,4.26,21.3,14.7,22,Z2,30.000,-14.107,2
--------------------------------------------
STOP       : TARGET
Setpoint   : 20.0g
Massa akhir: 20.92g
Error akhir: 0.92g
Error%     : 4.6%
Durasi     : 21303ms
Bridging   : 2x
STATUS     : AKURAT
=== SUMMARY TRIAL ===
Controller: Fixed PID
TrialNo: 10
Setpoint_g: 20.00
EarlyStop_g: 0.40
StopTarget_g: 19.60
Kp: 2.500
Ki: 0.150
Kd: 0.030
IntMax: 30.00
ServoMin_deg: 20
ServoMax_deg: 40
HammerThreshold_g: 3.00
FinalMass_g: 20.92
FinalError_g: 0.92
FinalError_pct: 4.58
Duration_ms: 21303
Duration_s: 21.30
TimeTo90_ms: 19841
RiseTime_10_90_ms: 19107
TimeToTolerance_ms: 19841
SettlingTime_ms: 19841
SettlingTol_pct: 5.00
SettlingTol_g: 1.00
MaxMass_g: 20.92
MaxOvershoot_g: 0.92
MaxOvershoot_pct: 4.58
BridgingCount: 2
Status: AKURAT
Valid: TRUE
StopReason: TARGET
=== TRIAL END ===
--------------------------------------------
r=reset | g=ulangi | c=parameter
