======== PARAMETER AKTIF (Fixed PID) ========
Setpoint   : 20.0g
Kp         : 2.50
Ki         : 0.150
Kd         : 0.030
IntMax     : 30.0
SUDUT_MIN  : 20deg
SUDUT_BUKA : 40deg
EARLY_STOP : SP - 0.40g
STOP saat  : 19.6g
HAMMER_TH  : error > 3.0g
=================================================
RESET. Servo tutup. Tare selesai. Siap.
RESET. Servo tutup. Tare selesai. Siap.
=== TRIAL START ===
Controller: Fixed PID
TrialNo: 5
Setpoint_g: 20.00
EarlyStop_g: 0.40
StopTarget_g: 19.60
Kp: 2.500
Ki: 0.150
Kd: 0.030
IntMax: 30.00
ServoMin_deg: 20
ServoMax_deg: 40
HammerThreshold_g: 3.00
Sampling_ms: 100
DataFormat: DATA,ms,mass_g,error_g,error_pct,output,servo_deg,zone,I,D,bridging_count
=== DATA START ===
DATA,100,0.12,19.88,99.4,56.0,30,Z1,1.988,198.772,0
DATA,218,0.00,20.00,100.0,50.6,29,Z1,3.988,1.228,0
DATA,476,0.00,20.00,100.0,50.9,29,Z1,5.988,0.000,0
DATA,734,0.12,19.88,99.4,50.9,29,Z1,7.976,-1.206,0
DATA,992,0.42,19.58,97.9,50.4,29,Z1,9.934,-2.989,0
DATA,1250,0.40,19.60,98.0,50.8,29,Z1,11.893,0.170,0
DATA,1509,0.10,19.90,99.5,51.9,30,Z1,13.884,3.052,0
DATA,1767,0.11,19.89,99.5,52.1,30,Z1,15.873,-0.096,0
DATA,2025,0.34,19.66,98.3,51.8,30,Z1,17.839,-2.327,0
DATA,2283,0.30,19.70,98.5,52.2,30,Z1,19.809,0.437,0
DATA,2541,1.73,18.27,91.4,48.5,29,Z1,21.637,-14.329,0
DATA,2800,2.18,17.82,89.1,47.9,29,Z1,23.419,-4.484,0
DATA,3058,2.13,17.87,89.4,48.5,29,Z1,25.206,0.488,0
DATA,3316,2.14,17.86,89.3,48.7,29,Z1,26.992,-0.159,0
DATA,3574,2.05,17.95,89.7,49.2,29,Z1,28.786,0.910,0
DATA,3833,2.07,17.93,89.7,49.3,29,Z1,30.000,-0.122,0
DATA,4091,2.13,17.87,89.3,49.1,29,Z1,30.000,-0.673,0
DATA,4349,2.07,17.93,89.6,49.3,29,Z1,30.000,0.603,0
DATA,4607,4.31,15.69,78.4,43.0,28,Z1,30.000,-22.397,0
DATA,4865,5.39,14.61,73.0,40.7,27,Z1,30.000,-10.817,0
DATA,5124,5.69,14.31,71.5,40.2,27,Z1,30.000,-3.008,0
DATA,5382,5.64,14.36,71.8,40.4,27,Z1,30.000,0.499,0
DATA,5640,5.64,14.36,71.8,40.4,27,Z1,30.000,0.070,0
DATA,5898,5.63,14.37,71.9,40.4,27,Z1,30.000,0.103,0
DATA,6157,5.63,14.37,71.8,40.4,27,Z1,30.000,-0.033,0
DATA,6415,5.64,14.36,71.8,40.4,27,Z1,30.000,-0.126,0
DATA,6673,7.68,12.32,61.6,34.7,26,Z1,30.000,-20.414,0
DATA,6931,9.31,10.69,53.4,30.7,25,Z1,30.000,-16.271,0
DATA,7189,9.26,10.74,53.7,31.4,26,Z1,30.000,0.566,0
DATA,7448,9.31,10.69,53.5,31.2,26,Z1,30.000,-0.544,0
DATA,7706,9.28,10.72,53.6,31.3,26,Z1,30.000,0.251,0
DATA,7964,9.28,10.72,53.6,31.3,26,Z1,30.000,0.059,0
DATA,8222,9.24,10.76,53.8,31.4,26,Z1,30.000,0.344,0
DATA,8481,9.24,10.76,53.8,31.4,26,Z1,30.000,0.007,0
DATA,8739,9.65,10.35,51.8,30.3,25,Z1,30.000,-4.036,0
DATA,8997,10.58,9.42,47.1,27.8,25,Z2,30.000,-9.330,0
DATA,9255,10.75,9.25,46.2,27.6,25,Z2,30.000,-1.739,0
DATA,9513,10.66,9.34,46.7,27.9,25,Z2,30.000,0.896,0
DATA,9772,10.80,9.20,46.0,27.5,25,Z2,30.000,-1.362,0
DATA,10030,10.71,9.29,46.5,27.8,25,Z2,30.000,0.954,0
DATA,10288,10.64,9.36,46.8,27.9,25,Z2,30.000,0.692,0
DATA,10546,10.63,9.37,46.8,27.9,25,Z2,30.000,0.026,0
DATA,10804,12.73,7.27,36.4,22.0,24,Z2,30.000,-20.966,0
DATA,11063,13.54,6.46,32.3,20.4,23,Z2,30.000,-8.147,0
DATA,11321,13.32,6.68,33.4,21.3,24,Z2,30.000,2.279,0
DATA,11579,13.43,6.57,32.9,20.9,23,Z2,30.000,-1.132,0
DATA,11837,13.35,6.65,33.2,21.1,24,Z2,30.000,0.762,0
DATA,12096,13.43,6.57,32.8,20.9,23,Z2,30.000,-0.810,0
DATA,12354,13.45,6.55,32.8,20.9,23,Z2,30.000,-0.122,0
DATA,12612,13.39,6.61,33.0,21.0,24,Z2,30.000,0.529,0
DATA,12870,13.65,6.35,31.8,20.3,23,Z2,30.000,-2.527,0
DATA,13128,13.83,6.17,30.8,19.9,23,Z2,30.000,-1.842,0
DATA,13387,13.84,6.16,30.8,19.9,23,Z2,30.000,-0.137,0
DATA,13645,13.84,6.16,30.8,19.9,23,Z2,30.000,0.037,0
DATA,13903,13.86,6.14,30.7,19.8,23,Z2,30.000,-0.219,0
DATA,14161,13.85,6.15,30.7,19.9,23,Z2,30.000,0.078,0
DATA,14420,13.89,6.11,30.6,19.8,23,Z2,30.000,-0.314,0
DATA,14678,13.85,6.15,30.7,19.9,23,Z2,30.000,0.329,0
DATA,14936,14.52,5.48,27.4,18.0,23,Z2,30.000,-6.630,0
DATA,15194,15.15,4.85,24.3,16.4,23,Z2,30.000,-6.285,0
DATA,15452,15.05,4.95,24.8,16.9,23,Z2,30.000,0.995,0
DATA,15711,15.09,4.91,24.5,16.8,23,Z2,30.000,-0.470,0
DATA,15969,15.09,4.91,24.5,16.8,23,Z2,30.000,0.000,0
DATA,16227,15.13,4.87,24.3,16.7,23,Z2,30.000,-0.385,0
DATA,16485,15.14,4.86,24.3,16.6,23,Z2,30.000,-0.137,0
DATA,16744,15.14,4.86,24.3,16.6,23,Z2,30.000,0.008,0
DATA,17002,15.26,4.74,23.7,16.3,23,Z2,30.000,-1.191,0
DATA,17260,15.51,4.49,22.5,15.7,22,Z2,30.000,-2.442,0
DATA,17518,15.42,4.58,22.9,16.0,22,Z2,30.000,0.836,0
DATA,17776,15.63,4.37,21.9,15.4,22,Z2,30.000,-2.053,0
DATA,18035,16.07,3.93,19.7,14.2,22,Z2,30.000,-4.388,0
DATA,18293,15.57,4.43,22.1,15.7,22,Z2,30.000,4.932,0
BRIDGING #1 @15.50g hammer
DATA,18551,15.50,4.50,22.5,15.8,22,Z2,30.000,0.755,1
DATA,18810,15.52,4.48,22.4,15.7,22,Z2,30.000,-0.255,1
DATA,19068,15.53,4.47,22.3,15.7,22,Z2,30.000,-0.089,1
DATA,19326,15.46,4.54,22.7,15.9,22,Z2,30.000,0.747,1
DATA,19584,15.86,4.14,20.7,14.7,22,Z2,30.000,-3.988,1
DATA,19842,16.29,3.71,18.6,13.7,22,Z2,30.000,-4.281,1
DATA,20100,16.26,3.74,18.7,13.8,22,Z2,30.000,0.226,1
DATA,20358,16.25,3.75,18.8,13.9,22,Z2,30.000,0.140,1
DATA,20617,16.26,3.74,18.7,13.8,22,Z2,30.000,-0.100,1
DATA,20875,16.21,3.79,18.9,14.0,22,Z2,30.000,0.477,1
DATA,21133,16.20,3.80,19.0,14.0,22,Z2,30.000,0.096,1
DATA,21391,16.19,3.81,19.0,14.0,22,Z2,30.000,0.111,1
DATA,21650,16.22,3.78,18.9,13.9,22,Z2,30.000,-0.277,1
DATA,21908,16.20,3.80,19.0,14.0,22,Z2,30.000,0.155,1
DATA,22166,16.19,3.81,19.0,14.0,22,Z2,30.000,0.114,1
DATA,22424,16.21,3.79,18.9,14.0,22,Z2,30.000,-0.237,1
DATA,22683,16.24,3.76,18.8,13.9,22,Z2,30.000,-0.252,1
DATA,22941,16.30,3.70,18.5,13.7,22,Z2,30.000,-0.577,1
DATA,23199,16.28,3.72,18.6,13.8,22,Z2,30.000,0.200,1
DATA,23457,16.29,3.71,18.6,13.8,22,Z2,30.000,-0.107,1
DATA,23715,16.26,3.74,18.7,13.9,22,Z2,30.000,0.266,1
DATA,23974,16.24,3.76,18.8,13.9,22,Z2,30.000,0.222,1
DATA,24232,16.25,3.75,18.7,13.9,22,Z2,30.000,-0.122,1
DATA,24490,16.22,3.78,18.9,14.0,22,Z2,30.000,0.311,1
BRIDGING #2 @16.27g hammer
DATA,24748,16.27,3.73,18.6,13.8,22,Z2,30.000,-0.522,2
DATA,25007,16.24,3.76,18.8,13.9,22,Z2,30.000,0.340,2
DATA,25265,16.24,3.76,18.8,13.9,22,Z2,30.000,0.000,2
DATA,25523,16.29,3.71,18.5,13.8,22,Z2,30.000,-0.522,2
DATA,25781,17.08,2.92,14.6,11.6,22,Z3,30.000,-7.847,2
--------------------------------------------
STOP       : TARGET
Setpoint   : 20.0g
Massa akhir: 29.05g
Error akhir: 9.05g
Error%     : 45.3%
Durasi     : 27501ms
Bridging   : 2x
STATUS     : OVERSHOOT
=== SUMMARY TRIAL ===
Controller: Fixed PID
TrialNo: 5
Setpoint_g: 20.00
EarlyStop_g: 0.40
StopTarget_g: 19.60
Kp: 2.500
Ki: 0.150
Kd: 0.030
IntMax: 30.00
ServoMin_deg: 20
ServoMax_deg: 40
HammerThreshold_g: 3.00
FinalMass_g: 29.05
FinalError_g: 9.05
FinalError_pct: 45.26
Duration_ms: 27501
Duration_s: 27.50
TimeTo90_ms: 26039
RiseTime_10_90_ms: 23239
TimeToTolerance_ms: -1
SettlingTime_ms: -1
SettlingTol_pct: 5.00
SettlingTol_g: 1.00
MaxMass_g: 29.05
MaxOvershoot_g: 9.05
MaxOvershoot_pct: 45.26
BridgingCount: 2
Status: OVERSHOOT
Valid: TRUE
StopReason: TARGET
=== TRIAL END ===
--------------------------------------------
r=reset | g=ulangi | c=parameter
