======== PARAMETER AKTIF (Fixed PID) ========
Setpoint   : 20.0g
Kp         : 2.50
Ki         : 0.150
Kd         : 0.030
IntMax     : 30.0
SUDUT_MIN  : 20deg
SUDUT_BUKA : 40deg
EARLY_STOP : SP - 0.40g
STOP saat  : 19.6g
HAMMER_TH  : error > 3.0g
=================================================
RESET. Servo tutup. Tare selesai. Siap.
=== TRIAL START ===
Controller: Fixed PID
TrialNo: 3
Setpoint_g: 20.00
EarlyStop_g: 0.40
StopTarget_g: 19.60
Kp: 2.500
Ki: 0.150
Kd: 0.030
IntMax: 30.00
ServoMin_deg: 20
ServoMax_deg: 40
HammerThreshold_g: 3.00
Sampling_ms: 100
DataFormat: DATA,ms,mass_g,error_g,error_pct,output,servo_deg,zone,I,D,bridging_count
=== DATA START ===
DATA,100,0.02,19.98,99.9,56.3,31,Z1,1.998,199.848,0
DATA,218,0.24,19.76,98.8,49.9,29,Z1,3.974,-2.264,0
DATA,476,0.75,19.25,96.3,48.9,29,Z1,5.900,-5.050,0
DATA,734,0.88,19.12,95.6,48.9,29,Z1,7.812,-1.332,0
DATA,993,0.87,19.13,95.7,49.3,29,Z1,9.725,0.114,0
DATA,1251,1.08,18.92,94.6,49.0,29,Z1,11.617,-2.127,0
DATA,1509,1.08,18.92,94.6,49.3,29,Z1,13.509,-0.007,0
DATA,1767,0.98,19.02,95.1,49.9,29,Z1,15.411,1.017,0
DATA,2025,0.90,19.10,95.5,50.4,29,Z1,17.321,0.799,0
DATA,2284,0.95,19.05,95.2,50.5,29,Z1,19.225,-0.540,0
DATA,2542,3.62,16.38,81.9,43.3,28,Z1,20.863,-26.652,0
DATA,2800,5.85,14.15,70.8,38.1,27,Z1,22.279,-22.271,0
DATA,3058,7.60,12.40,62.0,34.0,26,Z1,23.519,-17.533,0
DATA,3316,8.89,11.11,55.6,31.1,26,Z1,24.630,-12.867,0
DATA,3574,8.87,11.13,55.6,31.7,26,Z1,25.743,0.159,0
DATA,3833,8.84,11.16,55.8,31.9,26,Z1,26.858,0.255,0
DATA,4091,8.88,11.12,55.6,32.0,26,Z1,27.970,-0.351,0
DATA,4349,8.97,11.03,55.2,31.9,26,Z1,29.074,-0.866,0
DATA,4607,10.73,9.27,46.3,27.1,25,Z2,30.000,-17.673,0
DATA,4865,11.99,8.01,40.0,24.1,24,Z2,30.000,-12.560,0
DATA,5123,12.60,7.40,37.0,22.8,24,Z2,30.000,-6.101,0
DATA,5382,12.52,7.48,37.4,23.2,24,Z2,30.000,0.780,0
DATA,5640,12.54,7.46,37.3,23.2,24,Z2,30.000,-0.137,0
DATA,5898,12.51,7.49,37.5,23.2,24,Z2,30.000,0.289,0
DATA,6156,12.53,7.47,37.3,23.2,24,Z2,30.000,-0.252,0
DATA,6414,12.57,7.43,37.1,23.1,24,Z2,30.000,-0.392,0
DATA,6673,12.99,7.01,35.1,21.9,24,Z2,30.000,-4.170,0
DATA,6931,13.67,6.33,31.7,20.1,23,Z2,30.000,-6.796,0
DATA,7189,13.57,6.43,32.2,20.6,23,Z2,30.000,1.010,0
DATA,7447,13.56,6.44,32.2,20.6,23,Z2,30.000,0.100,0
DATA,7705,13.56,6.44,32.2,20.6,23,Z2,30.000,-0.070,0
DATA,7964,13.61,6.39,32.0,20.5,23,Z2,30.000,-0.414,0
DATA,8222,13.63,6.37,31.9,20.4,23,Z2,30.000,-0.203,0
DATA,8480,13.68,6.32,31.6,20.3,23,Z2,30.000,-0.496,0
DATA,8738,13.60,6.40,32.0,20.5,23,Z2,30.000,0.781,0
DATA,8996,13.74,6.26,31.3,20.1,23,Z2,30.000,-1.458,0
DATA,9254,13.69,6.31,31.6,20.3,23,Z2,30.000,0.529,0
DATA,9513,13.76,6.24,31.2,20.1,23,Z2,30.000,-0.703,0
DATA,9771,13.64,6.36,31.8,20.4,23,Z2,30.000,1.250,0
DATA,10029,13.47,6.53,32.7,20.9,23,Z2,30.000,1.680,0
DATA,10287,13.44,6.56,32.8,20.9,23,Z2,30.000,0.270,0
DATA,10545,13.64,6.36,31.8,20.3,23,Z2,30.000,-1.998,0
DATA,10803,14.05,5.95,29.8,19.3,23,Z2,30.000,-4.081,0
DATA,11062,14.10,5.90,29.5,19.2,23,Z2,30.000,-0.533,0
DATA,11320,14.15,5.85,29.2,19.1,23,Z2,30.000,-0.525,0
DATA,11578,14.18,5.82,29.1,19.1,23,Z2,30.000,-0.233,0
DATA,11836,14.19,5.81,29.0,19.0,23,Z2,30.000,-0.163,0
DATA,12094,14.27,5.73,28.6,18.8,23,Z2,30.000,-0.810,0
DATA,12352,14.27,5.73,28.6,18.8,23,Z2,30.000,0.004,0
DATA,12611,14.28,5.72,28.6,18.8,23,Z2,30.000,-0.059,0
DATA,12869,15.13,4.87,24.4,16.4,23,Z2,30.000,-8.498,0
DATA,13127,16.17,3.83,19.1,13.8,22,Z2,30.000,-10.411,0
DATA,13385,16.13,3.87,19.4,14.2,22,Z2,30.000,0.451,0
DATA,13643,16.11,3.89,19.5,14.2,22,Z2,30.000,0.181,0
DATA,13901,16.13,3.87,19.4,14.2,22,Z2,30.000,-0.178,0
DATA,14160,16.14,3.86,19.3,14.1,22,Z2,30.000,-0.140,0
DATA,14418,16.12,3.88,19.4,14.2,22,Z2,30.000,0.159,0
DATA,14676,16.17,3.83,19.2,14.1,22,Z2,30.000,-0.455,0
DATA,14934,17.06,2.94,14.7,11.6,22,Z3,30.000,-8.909,0
DATA,15192,17.46,2.54,12.7,10.7,21,Z3,30.000,-4.036,0
DATA,15450,17.49,2.51,12.5,10.8,21,Z3,30.000,-0.289,0
DATA,15708,17.47,2.53,12.6,10.8,21,Z3,30.000,0.222,0
DATA,15967,17.45,2.55,12.7,10.9,21,Z3,30.000,0.192,0
DATA,16225,17.50,2.50,12.5,10.7,21,Z3,30.000,-0.440,0
DATA,16483,17.54,2.46,12.3,10.6,21,Z3,30.000,-0.477,0
DATA,16741,17.48,2.52,12.6,10.8,21,Z3,30.000,0.629,0
DATA,16999,18.51,1.49,7.4,7.9,21,Z3,30.000,-10.303,0
DATA,17257,19.06,0.94,4.7,6.7,21,Z3,30.000,-5.502,0
DATA,17516,18.79,1.21,6.1,7.6,21,Z3,30.000,2.730,0
DATA,17774,18.78,1.22,6.1,7.6,21,Z3,30.000,0.070,0
DATA,18032,18.57,1.43,7.1,8.1,21,Z3,30.000,2.057,0
DATA,18290,18.59,1.41,7.1,8.0,21,Z3,30.000,-0.108,0
DATA,18548,18.61,1.39,7.0,8.0,21,Z3,30.000,-0.214,0
DATA,18807,18.51,1.49,7.4,8.2,21,Z3,30.000,0.936,0
--------------------------------------------
STOP       : TARGET
Setpoint   : 20.0g
Massa akhir: 21.87g
Error akhir: 1.87g
Error%     : 9.4%
Durasi     : 20527ms
Bridging   : 0x
STATUS     : OVERSHOOT
=== SUMMARY TRIAL ===
Controller: Fixed PID
TrialNo: 3
Setpoint_g: 20.00
EarlyStop_g: 0.40
StopTarget_g: 19.60
Kp: 2.500
Ki: 0.150
Kd: 0.030
IntMax: 30.00
ServoMin_deg: 20
ServoMax_deg: 40
HammerThreshold_g: 3.00
FinalMass_g: 21.87
FinalError_g: 1.87
FinalError_pct: 9.37
Duration_ms: 20527
Duration_s: 20.53
TimeTo90_ms: 16999
RiseTime_10_90_ms: 14457
TimeToTolerance_ms: 17257
SettlingTime_ms: -1
SettlingTol_pct: 5.00
SettlingTol_g: 1.00
MaxMass_g: 21.87
MaxOvershoot_g: 1.87
MaxOvershoot_pct: 9.37
BridgingCount: 0
Status: OVERSHOOT
Valid: TRUE
StopReason: TARGET
=== TRIAL END ===
--------------------------------------------
r=reset | g=ulangi | c=parameter
