======== PARAMETER AKTIF (Fixed PID) ========
Setpoint   : 25.0g
Kp         : 2.50
Ki         : 0.150
Kd         : 0.030
IntMax     : 30.0
SUDUT_MIN  : 20deg
SUDUT_BUKA : 40deg
EARLY_STOP : SP - 0.40g
STOP saat  : 24.6g
HAMMER_TH  : error > 3.0g
=================================================
RESET. Servo tutup. Tare selesai. Siap.
=== TRIAL START ===
Controller: Fixed PID
TrialNo: 2
Setpoint_g: 25.00
EarlyStop_g: 0.40
StopTarget_g: 24.60
Kp: 2.500
Ki: 0.150
Kd: 0.030
IntMax: 30.00
ServoMin_deg: 20
ServoMax_deg: 40
HammerThreshold_g: 3.00
Sampling_ms: 100
DataFormat: DATA,ms,mass_g,error_g,error_pct,output,servo_deg,zone,I,D,bridging_count
=== DATA START ===
DATA,100,0.00,25.00,100.0,70.4,33,Z1,2.500,250.000,0
DATA,218,0.00,25.00,100.0,63.2,32,Z1,5.000,0.000,0
DATA,476,1.22,23.78,95.1,60.2,31,Z1,7.378,-12.212,0
DATA,734,1.96,23.04,92.1,58.8,31,Z1,9.682,-7.421,0
DATA,992,1.95,23.05,92.2,59.4,31,Z1,11.986,0.085,0
DATA,1250,1.95,23.05,92.2,59.8,31,Z1,14.291,0.093,0
DATA,1509,1.94,23.06,92.2,60.1,31,Z1,16.597,0.033,0
DATA,1767,1.94,23.06,92.3,60.5,31,Z1,18.904,0.070,0
DATA,2025,1.92,23.08,92.3,60.9,31,Z1,21.212,0.129,0
DATA,2284,2.01,22.99,92.0,61.0,31,Z1,23.511,-0.847,0
DATA,2542,3.97,21.03,84.1,55.8,30,Z1,25.614,-19.612,0
DATA,2800,5.17,19.83,79.3,53.4,30,Z1,27.597,-12.020,0
DATA,3058,4.95,20.05,80.2,54.6,30,Z1,29.602,2.235,0
DATA,3316,4.98,20.02,80.1,54.5,30,Z1,30.000,-0.311,0
DATA,3575,4.96,20.04,80.2,54.6,30,Z1,30.000,0.170,0
DATA,3833,4.95,20.05,80.2,54.6,30,Z1,30.000,0.074,0
DATA,4091,4.94,20.06,80.2,54.7,30,Z1,30.000,0.126,0
DATA,4350,4.96,20.04,80.1,54.6,30,Z1,30.000,-0.219,0
DATA,4608,6.26,18.74,74.9,51.0,29,Z1,30.000,-13.000,0
DATA,4866,7.78,17.22,68.9,47.1,29,Z1,30.000,-15.131,0
DATA,5124,7.63,17.37,69.5,48.0,29,Z1,30.000,1.424,0
DATA,5382,7.65,17.35,69.4,47.9,29,Z1,30.000,-0.189,0
DATA,5641,7.65,17.35,69.4,47.9,29,Z1,30.000,-0.004,0
DATA,5899,7.62,17.38,69.5,48.0,29,Z1,30.000,0.311,0
DATA,6157,7.62,17.38,69.5,48.0,29,Z1,30.000,0.041,0
DATA,6416,7.62,17.38,69.5,47.9,29,Z1,30.000,-0.033,0
DATA,6674,9.73,15.27,61.1,42.0,28,Z1,30.000,-21.117,0
DATA,6932,10.91,14.09,56.4,39.4,27,Z1,30.000,-11.780,0
DATA,7190,11.36,13.64,54.6,38.5,27,Z1,30.000,-4.510,0
DATA,7449,11.30,13.70,54.8,38.8,27,Z1,30.000,0.588,0
DATA,7707,11.34,13.66,54.7,38.6,27,Z1,30.000,-0.341,0
DATA,7965,11.34,13.66,54.6,38.6,27,Z1,30.000,-0.070,0
DATA,8223,11.35,13.65,54.6,38.6,27,Z1,30.000,-0.100,0
DATA,8482,11.41,13.59,54.4,38.5,27,Z1,30.000,-0.533,0
DATA,8740,13.51,11.49,46.0,32.6,26,Z2,30.000,-21.018,0
DATA,8998,14.37,10.63,42.5,30.8,25,Z2,30.000,-8.587,0
DATA,9256,14.45,10.55,42.2,30.9,25,Z2,30.000,-0.806,0
DATA,9515,14.48,10.52,42.1,30.8,25,Z2,30.000,-0.359,0
DATA,9773,14.42,10.58,42.3,31.0,25,Z2,30.000,0.688,0
DATA,10031,14.45,10.55,42.2,30.9,25,Z2,30.000,-0.326,0
DATA,10289,14.44,10.56,42.3,30.9,25,Z2,30.000,0.104,0
DATA,10548,14.48,10.52,42.1,30.8,25,Z2,30.000,-0.473,0
DATA,10806,15.56,9.44,37.8,27.8,25,Z2,30.000,-10.770,0
DATA,11064,16.80,8.20,32.8,24.6,24,Z2,30.000,-12.342,0
DATA,11322,17.22,7.78,31.1,23.8,24,Z2,30.000,-4.269,0
DATA,11581,17.18,7.82,31.3,24.1,24,Z2,30.000,0.407,0
DATA,11839,17.21,7.79,31.2,24.0,24,Z2,30.000,-0.266,0
DATA,12097,17.19,7.81,31.2,24.0,24,Z2,30.000,0.211,0
DATA,12355,17.20,7.80,31.2,24.0,24,Z2,30.000,-0.140,0
DATA,12614,17.17,7.83,31.3,24.1,24,Z2,30.000,0.274,0
DATA,12872,17.17,7.83,31.3,24.1,24,Z2,30.000,0.026,0
DATA,13130,17.15,7.85,31.4,24.1,24,Z2,30.000,0.207,0
DATA,13388,17.15,7.85,31.4,24.1,24,Z2,30.000,-0.007,0
DATA,13647,17.20,7.80,31.2,24.0,24,Z2,30.000,-0.459,0
DATA,13905,17.18,7.82,31.3,24.1,24,Z2,30.000,0.204,0
DATA,14163,17.16,7.84,31.3,24.1,24,Z2,30.000,0.133,0
DATA,14421,17.14,7.86,31.4,24.2,24,Z2,30.000,0.251,0
DATA,14680,17.18,7.82,31.3,24.0,24,Z2,30.000,-0.385,0
DATA,14938,17.20,7.80,31.2,24.0,24,Z2,30.000,-0.211,0
DATA,15196,17.19,7.81,31.2,24.0,24,Z2,30.000,0.044,0
BRIDGING #1 @17.21g hammer
DATA,15455,17.21,7.79,31.1,24.0,24,Z2,30.000,-0.207,1
DATA,15713,17.23,7.77,31.1,23.9,24,Z2,30.000,-0.152,1
DATA,15971,17.19,7.81,31.2,24.0,24,Z2,30.000,0.396,1
DATA,16229,17.19,7.81,31.2,24.0,24,Z2,30.000,-0.048,1
DATA,16487,18.07,6.93,27.7,21.6,24,Z2,30.000,-8.716,1
DATA,16745,19.33,5.67,22.7,18.3,23,Z2,30.000,-12.671,1
DATA,17004,19.25,5.75,23.0,18.9,23,Z2,30.000,0.884,1
DATA,17262,19.37,5.63,22.5,18.5,23,Z2,30.000,-1.210,1
DATA,17520,19.23,5.77,23.1,19.0,23,Z2,30.000,1.343,1
DATA,17778,19.27,5.73,22.9,18.8,23,Z2,30.000,-0.396,1
DATA,18037,19.21,5.79,23.2,19.0,23,Z2,30.000,0.596,1
DATA,18295,19.45,5.55,22.2,18.3,23,Z2,30.000,-2.357,1
DATA,18553,19.62,5.38,21.5,17.9,23,Z2,30.000,-1.683,1
DATA,18811,19.60,5.40,21.6,18.0,23,Z2,30.000,0.137,1
DATA,19069,20.91,4.09,16.4,14.3,22,Z2,30.000,-13.052,1
DATA,19328,22.01,2.99,11.9,11.6,22,Z3,30.000,-11.069,1
DATA,19586,21.97,3.03,12.1,12.1,22,Z3,30.000,0.448,1
DATA,19844,22.05,2.95,11.8,11.9,22,Z3,30.000,-0.799,1
DATA,20102,21.92,3.08,12.3,12.3,22,Z3,30.000,1.343,1
DATA,20361,21.86,3.14,12.6,12.4,22,Z3,30.000,0.566,1
DATA,20619,21.79,3.21,12.8,12.5,22,Z3,30.000,0.662,1
DATA,20877,21.90,3.10,12.4,12.2,22,Z3,30.000,-1.036,1
DATA,21135,22.78,2.22,8.9,9.8,21,Z3,30.000,-8.794,1
DATA,21394,22.75,2.25,9.0,10.1,21,Z3,30.000,0.266,1
DATA,21652,22.71,2.29,9.2,10.2,21,Z3,30.000,0.396,1
DATA,21910,22.77,2.23,8.9,10.1,21,Z3,30.000,-0.559,1
DATA,22168,22.81,2.19,8.8,10.0,21,Z3,30.000,-0.422,1
DATA,22427,22.86,2.14,8.6,9.8,21,Z3,30.000,-0.536,1
DATA,22685,22.81,2.19,8.8,10.0,21,Z3,30.000,0.496,1
DATA,22943,22.82,2.18,8.7,10.0,21,Z3,30.000,-0.044,1
DATA,23201,24.01,0.99,4.0,6.6,21,Z3,30.000,-11.894,1
--------------------------------------------
STOP       : TARGET
Setpoint   : 25.0g
Massa akhir: 24.75g
Error akhir: -0.25g
Error%     : -1.0%
Durasi     : 24922ms
Bridging   : 1x
STATUS     : AKURAT
=== SUMMARY TRIAL ===
Controller: Fixed PID
TrialNo: 2
Setpoint_g: 25.00
EarlyStop_g: 0.40
StopTarget_g: 24.60
Kp: 2.500
Ki: 0.150
Kd: 0.030
IntMax: 30.00
ServoMin_deg: 20
ServoMax_deg: 40
HammerThreshold_g: 3.00
FinalMass_g: 24.75
FinalError_g: -0.25
FinalError_pct: -1.01
Duration_ms: 24922
Duration_s: 24.92
TimeTo90_ms: 21135
RiseTime_10_90_ms: 18593
TimeToTolerance_ms: 23201
SettlingTime_ms: 23201
SettlingTol_pct: 5.00
SettlingTol_g: 1.25
MaxMass_g: 24.75
MaxOvershoot_g: 0.00
MaxOvershoot_pct: 0.00
BridgingCount: 1
Status: AKURAT
Valid: TRUE
StopReason: TARGET
=== TRIAL END ===
--------------------------------------------
r=reset | g=ulangi | c=parameter
