======== PARAMETER AKTIF (Fixed PID) ========
Setpoint   : 15.0g
Kp         : 2.50
Ki         : 0.150
Kd         : 0.030
IntMax     : 30.0
SUDUT_MIN  : 20deg
SUDUT_BUKA : 40deg
EARLY_STOP : SP - 0.40g
STOP saat  : 14.6g
HAMMER_TH  : error > 3.0g
=================================================
RESET. Servo tutup. Tare selesai. Siap.
=== TRIAL START ===
Controller: Fixed PID
TrialNo: 7
Setpoint_g: 15.00
EarlyStop_g: 0.40
StopTarget_g: 14.60
Kp: 2.500
Ki: 0.150
Kd: 0.030
IntMax: 30.00
ServoMin_deg: 20
ServoMax_deg: 40
HammerThreshold_g: 3.00
Sampling_ms: 100
DataFormat: DATA,ms,mass_g,error_g,error_pct,output,servo_deg,zone,I,D,bridging_count
=== DATA START ===
DATA,100,0.03,14.97,99.8,42.1,28,Z1,1.497,149.689,0
DATA,218,0.00,15.00,100.0,38.0,27,Z1,2.997,0.311,0
DATA,476,0.54,14.46,96.4,36.7,27,Z1,4.443,-5.379,0
DATA,734,0.75,14.25,95.0,36.4,27,Z1,5.868,-2.135,0
DATA,993,0.81,14.19,94.6,36.5,27,Z1,7.287,-0.607,0
DATA,1251,0.79,14.21,94.8,36.9,27,Z1,8.708,0.270,0
DATA,1509,0.78,14.22,94.8,37.1,27,Z1,10.130,0.030,0
DATA,1767,0.77,14.23,94.9,37.3,27,Z1,11.553,0.148,0
DATA,2025,0.73,14.27,95.2,37.6,27,Z1,12.981,0.418,0
DATA,2284,0.72,14.28,95.2,37.8,27,Z1,14.408,0.007,0
DATA,2542,2.37,12.63,84.2,33.4,26,Z1,15.671,-16.471,0
DATA,2800,3.16,11.84,78.9,31.9,26,Z1,16.855,-7.932,0
DATA,3058,3.11,11.89,79.3,32.4,26,Z1,18.044,0.544,0
DATA,3316,3.11,11.89,79.3,32.6,26,Z1,19.233,0.055,0
DATA,3575,3.06,11.94,79.6,32.9,26,Z1,20.427,0.433,0
DATA,3833,3.08,11.92,79.5,33.0,26,Z1,21.619,-0.152,0
DATA,4091,3.08,11.92,79.5,33.2,26,Z1,22.812,0.015,0
DATA,4349,3.06,11.94,79.6,33.5,26,Z1,24.006,0.189,0
DATA,4607,4.87,10.13,67.5,28.5,25,Z1,25.019,-18.150,0
DATA,4866,5.47,9.53,63.5,27.5,25,Z1,25.971,-6.019,0
DATA,5124,6.09,8.91,59.4,26.1,25,Z1,26.863,-6.138,0
DATA,5382,6.05,8.95,59.7,26.6,25,Z1,27.758,0.374,0
DATA,5640,6.09,8.91,59.4,26.6,25,Z1,28.649,-0.411,0
DATA,5898,6.04,8.96,59.7,26.8,25,Z1,29.544,0.492,0
DATA,6157,6.04,8.96,59.7,26.9,25,Z1,30.000,0.033,0
DATA,6415,6.05,8.95,59.7,26.9,25,Z1,30.000,-0.100,0
DATA,6673,7.06,7.94,52.9,24.0,24,Z1,30.000,-10.148,0
DATA,6931,7.97,7.03,46.9,21.8,24,Z2,30.000,-9.064,0
DATA,7189,8.73,6.27,41.8,19.9,23,Z2,30.000,-7.621,0
DATA,7448,8.74,6.26,41.8,20.2,23,Z2,30.000,-0.055,0
DATA,7706,8.78,6.22,41.5,20.0,23,Z2,30.000,-0.407,0
DATA,7964,8.77,6.23,41.5,20.1,23,Z2,30.000,0.096,0
DATA,8222,8.75,6.25,41.6,20.1,23,Z2,30.000,0.152,0
DATA,8481,8.77,6.23,41.5,20.1,23,Z2,30.000,-0.185,0
DATA,8739,9.24,5.76,38.4,18.8,23,Z2,30.000,-4.635,0
DATA,8997,9.40,5.60,37.3,18.4,23,Z2,30.000,-1.661,0
DATA,9255,9.33,5.67,37.8,18.7,23,Z2,30.000,0.758,0
DATA,9513,9.31,5.69,38.0,18.7,23,Z2,30.000,0.181,0
DATA,9771,9.18,5.82,38.8,19.1,23,Z2,30.000,1.247,0
DATA,10030,9.28,5.72,38.1,18.8,23,Z2,30.000,-1.021,0
DATA,10288,9.33,5.67,37.8,18.7,23,Z2,30.000,-0.426,0
DATA,10546,9.45,5.55,37.0,18.3,23,Z2,30.000,-1.254,0
DATA,10804,9.49,5.51,36.7,18.3,23,Z2,30.000,-0.359,0
DATA,11062,9.75,5.25,35.0,17.5,23,Z2,30.000,-2.656,0
DATA,11321,9.67,5.33,35.6,17.9,23,Z2,30.000,0.877,0
DATA,11579,9.62,5.38,35.9,18.0,23,Z2,30.000,0.503,0
DATA,11837,9.88,5.12,34.1,17.2,23,Z2,30.000,-2.660,0
DATA,12095,9.93,5.07,33.8,17.2,23,Z2,30.000,-0.496,0
DATA,12354,9.83,5.17,34.5,17.5,23,Z2,30.000,1.039,0
DATA,12612,9.90,5.10,34.0,17.2,23,Z2,30.000,-0.673,0
DATA,12870,10.65,4.35,29.0,15.2,22,Z2,30.000,-7.518,0
DATA,13128,11.86,3.14,21.0,12.0,22,Z2,30.000,-12.094,0
DATA,13386,12.02,2.98,19.9,11.9,22,Z2,30.000,-1.632,0
DATA,13645,11.48,3.52,23.5,13.5,22,Z2,30.000,5.394,0
DATA,13903,11.61,3.39,22.6,12.9,22,Z2,30.000,-1.328,0
DATA,14161,11.48,3.52,23.5,13.3,22,Z2,30.000,1.317,0
DATA,14419,11.45,3.55,23.7,13.4,22,Z2,30.000,0.314,0
DATA,14678,11.64,3.36,22.4,12.8,22,Z2,30.000,-1.931,0
DATA,14936,11.90,3.10,20.7,12.2,22,Z2,30.000,-2.538,0
DATA,15194,11.76,3.24,21.6,12.6,22,Z2,30.000,1.395,0
DATA,15452,11.80,3.20,21.3,12.5,22,Z2,30.000,-0.462,0
DATA,15710,11.74,3.26,21.7,12.7,22,Z2,30.000,0.614,0
DATA,15968,11.90,3.10,20.6,12.2,22,Z2,30.000,-1.620,0
DATA,16227,11.99,3.01,20.1,12.0,22,Z2,30.000,-0.814,0
DATA,16485,11.84,3.16,21.0,12.4,22,Z2,30.000,1.417,0
DATA,16743,11.78,3.22,21.5,12.6,22,Z2,30.000,0.636,0
DATA,17001,12.16,2.84,18.9,11.5,22,Z2,30.000,-3.788,0
DATA,17259,12.77,2.23,14.9,9.9,21,Z3,30.000,-6.078,0
DATA,17518,12.72,2.28,15.2,10.2,21,Z2,30.000,0.448,0
DATA,17776,12.69,2.31,15.4,10.3,21,Z2,30.000,0.333,0
DATA,18034,12.68,2.32,15.5,10.3,21,Z2,30.000,0.137,0
DATA,18292,12.67,2.33,15.5,10.3,21,Z2,30.000,0.004,0
DATA,18551,12.68,2.32,15.5,10.3,21,Z2,30.000,-0.041,0
DATA,18809,12.70,2.30,15.4,10.3,21,Z2,30.000,-0.163,0
DATA,19067,12.90,2.10,14.0,9.7,21,Z3,30.000,-2.057,0
DATA,19325,12.87,2.13,14.2,9.8,21,Z3,30.000,0.303,0
DATA,19583,12.85,2.15,14.3,9.9,21,Z3,30.000,0.192,0
DATA,19841,12.87,2.13,14.2,9.8,21,Z3,30.000,-0.211,0
DATA,20100,12.86,2.14,14.3,9.9,21,Z3,30.000,0.118,0
DATA,20358,12.90,2.10,14.0,9.7,21,Z3,30.000,-0.411,0
DATA,20616,12.88,2.12,14.1,9.8,21,Z3,30.000,0.207,0
DATA,20874,12.89,2.11,14.1,9.8,21,Z3,30.000,-0.078,0
DATA,21132,13.25,1.75,11.6,8.8,21,Z3,30.000,-3.655,0
DATA,21391,13.36,1.64,10.9,8.6,21,Z3,30.000,-1.077,0
DATA,21649,13.37,1.63,10.8,8.6,21,Z3,30.000,-0.122,0
DATA,21907,13.38,1.62,10.8,8.6,21,Z3,30.000,-0.037,0
DATA,22165,13.36,1.64,10.9,8.6,21,Z3,30.000,0.170,0
DATA,22424,13.39,1.61,10.7,8.5,21,Z3,30.000,-0.315,0
DATA,22682,13.41,1.59,10.6,8.5,21,Z3,30.000,-0.185,0
DATA,22940,13.39,1.61,10.7,8.5,21,Z3,30.000,0.229,0
DATA,23198,13.44,1.56,10.4,8.4,21,Z3,30.000,-0.547,0
DATA,23456,13.77,1.23,8.2,7.5,21,Z3,30.000,-3.271,0
DATA,23714,13.73,1.27,8.5,7.7,21,Z3,30.000,0.400,0
DATA,23973,13.71,1.29,8.6,7.7,21,Z3,30.000,0.230,0
DATA,24231,13.72,1.28,8.5,7.7,21,Z3,30.000,-0.141,0
DATA,24489,13.71,1.29,8.6,7.7,21,Z3,30.000,0.089,0
DATA,24747,13.71,1.29,8.6,7.7,21,Z3,30.000,0.004,0
DATA,25006,13.74,1.26,8.4,7.6,21,Z3,30.000,-0.289,0
DATA,25264,13.86,1.14,7.6,7.3,21,Z3,30.000,-1.232,0
DATA,25522,14.49,0.51,3.4,5.6,20,Z3,30.000,-6.282,0
--------------------------------------------
STOP       : TARGET
Setpoint   : 15.0g
Massa akhir: 15.34g
Error akhir: 0.34g
Error%     : 2.3%
Durasi     : 27242ms
Bridging   : 0x
STATUS     : AKURAT
=== SUMMARY TRIAL ===
Controller: Fixed PID
TrialNo: 7
Setpoint_g: 15.00
EarlyStop_g: 0.40
StopTarget_g: 14.60
Kp: 2.500
Ki: 0.150
Kd: 0.030
IntMax: 30.00
ServoMin_deg: 20
ServoMax_deg: 40
HammerThreshold_g: 3.00
FinalMass_g: 15.34
FinalError_g: 0.34
FinalError_pct: 2.27
Duration_ms: 27242
Duration_s: 27.24
TimeTo90_ms: 23456
RiseTime_10_90_ms: 20914
TimeToTolerance_ms: 25522
SettlingTime_ms: 25522
SettlingTol_pct: 5.00
SettlingTol_g: 0.75
MaxMass_g: 15.45
MaxOvershoot_g: 0.45
MaxOvershoot_pct: 3.03
BridgingCount: 0
Status: AKURAT
Valid: TRUE
StopReason: TARGET
=== TRIAL END ===
--------------------------------------------
r=reset | g=ulangi | c=parameter
