======== PARAMETER AKTIF (Fixed PID) ========
Setpoint   : 15.0g
Kp         : 2.50
Ki         : 0.150
Kd         : 0.030
IntMax     : 30.0
SUDUT_MIN  : 20deg
SUDUT_BUKA : 40deg
EARLY_STOP : SP - 0.40g
STOP saat  : 14.6g
HAMMER_TH  : error > 3.0g
=================================================
RESET. Servo tutup. Tare selesai. Siap.
=== TRIAL START ===
Controller: Fixed PID
TrialNo: 8
Setpoint_g: 15.00
EarlyStop_g: 0.40
StopTarget_g: 14.60
Kp: 2.500
Ki: 0.150
Kd: 0.030
IntMax: 30.00
ServoMin_deg: 20
ServoMax_deg: 40
HammerThreshold_g: 3.00
Sampling_ms: 100
DataFormat: DATA,ms,mass_g,error_g,error_pct,output,servo_deg,zone,I,D,bridging_count
=== DATA START ===
DATA,100,0.00,15.00,100.0,42.2,28,Z1,1.500,150.000,0
DATA,218,0.08,14.92,99.5,37.7,27,Z1,2.992,-0.755,0
DATA,476,0.46,14.54,97.0,36.9,27,Z1,4.447,-3.800,0
DATA,735,0.32,14.68,97.8,37.6,27,Z1,5.914,1.306,0
DATA,993,0.41,14.59,97.3,37.6,27,Z1,7.374,-0.818,0
DATA,1251,0.47,14.53,96.9,37.6,27,Z1,8.827,-0.610,0
DATA,1509,0.45,14.55,97.0,37.9,27,Z1,10.282,0.196,0
DATA,1767,0.50,14.50,96.6,38.0,27,Z1,11.732,-0.559,0
DATA,2026,0.42,14.58,97.2,38.4,27,Z1,13.190,0.821,0
DATA,2284,0.47,14.53,96.9,38.5,27,Z1,14.643,-0.462,0
DATA,2542,2.02,12.98,86.5,34.4,26,Z1,15.940,-15.568,0
DATA,2800,3.04,11.96,79.7,32.2,26,Z1,17.137,-10.129,0
DATA,3058,3.26,11.74,78.2,32.0,26,Z1,18.310,-2.260,0
DATA,3317,3.36,11.64,77.6,32.0,26,Z1,19.475,-0.925,0
DATA,3575,3.00,12.00,80.0,33.2,26,Z1,20.674,3.514,0
DATA,3833,2.97,12.03,80.2,33.4,26,Z1,21.878,0.396,0
DATA,4091,2.93,12.07,80.5,33.6,26,Z1,23.085,0.355,0
DATA,4350,2.91,12.09,80.6,33.9,26,Z1,24.294,0.222,0
DATA,4608,4.07,10.93,72.9,30.8,25,Z1,25.387,-11.646,0
DATA,4866,5.15,9.85,65.7,28.3,25,Z1,26.372,-10.755,0
DATA,5124,5.13,9.87,65.8,28.8,25,Z1,27.359,0.181,0
DATA,5382,5.09,9.91,66.1,29.0,25,Z1,28.350,0.414,0
DATA,5641,5.07,9.93,66.2,29.2,25,Z1,29.343,0.174,0
DATA,5899,5.12,9.88,65.9,29.2,25,Z1,30.000,-0.448,0
DATA,6157,5.14,9.86,65.7,29.1,25,Z1,30.000,-0.248,0
DATA,6415,5.11,9.89,65.9,29.2,25,Z1,30.000,0.255,0
DATA,6673,7.03,7.97,53.1,23.8,24,Z1,30.000,-19.193,0
DATA,6932,8.35,6.65,44.3,20.7,23,Z2,30.000,-13.204,0
DATA,7190,8.41,6.59,44.0,21.0,23,Z2,30.000,-0.529,0
DATA,7448,8.37,6.63,44.2,21.1,24,Z2,30.000,0.362,0
DATA,7706,8.36,6.64,44.3,21.1,24,Z2,30.000,0.148,0
DATA,7964,8.36,6.64,44.3,21.1,24,Z2,30.000,-0.052,0
DATA,8223,8.33,6.67,44.5,21.2,24,Z2,30.000,0.311,0
DATA,8481,8.38,6.62,44.1,21.0,24,Z2,30.000,-0.522,0
DATA,8739,10.41,4.59,30.6,15.4,22,Z2,30.000,-20.230,0
DATA,8997,10.65,4.35,29.0,15.3,22,Z2,30.000,-2.486,0
DATA,9255,10.65,4.35,29.0,15.4,22,Z2,30.000,0.059,0
DATA,9513,10.64,4.36,29.0,15.4,22,Z2,30.000,0.055,0
DATA,9772,10.64,4.36,29.0,15.4,22,Z2,30.000,-0.015,0
DATA,10030,10.68,4.32,28.8,15.3,22,Z2,30.000,-0.311,0
DATA,10288,10.64,4.36,29.0,15.4,22,Z2,30.000,0.303,0
DATA,10546,10.66,4.34,28.9,15.3,22,Z2,30.000,-0.200,0
DATA,10804,10.76,4.24,28.3,15.1,22,Z2,30.000,-0.917,0
DATA,11063,10.76,4.24,28.3,15.1,22,Z2,30.000,0.007,0
DATA,11321,10.76,4.24,28.3,15.1,22,Z2,30.000,0.000,0
DATA,11579,10.76,4.24,28.3,15.1,22,Z2,30.000,-0.026,0
DATA,11837,10.70,4.30,28.6,15.3,22,Z2,30.000,0.544,0
DATA,12096,10.75,4.25,28.4,15.1,22,Z2,30.000,-0.433,0
BRIDGING #1 @10.75g hammer
DATA,12354,10.75,4.25,28.3,15.1,22,Z2,30.000,-0.011,1
DATA,12612,10.75,4.25,28.3,15.1,22,Z2,30.000,0.008,1
DATA,12870,10.70,4.30,28.7,15.3,22,Z2,30.000,0.466,1
DATA,13128,10.75,4.25,28.3,15.1,22,Z2,30.000,-0.470,1
DATA,13386,11.71,3.29,21.9,12.4,22,Z2,30.000,-9.630,1
DATA,13644,13.53,1.47,9.8,7.6,21,Z3,30.000,-18.147,1
DATA,13903,13.32,1.68,11.2,8.8,21,Z3,30.000,2.079,1
DATA,14161,13.31,1.69,11.3,8.7,21,Z3,30.000,0.100,1
DATA,14419,13.33,1.67,11.1,8.7,21,Z3,30.000,-0.225,1
DATA,14677,13.37,1.63,10.8,8.6,21,Z3,30.000,-0.422,1
DATA,14935,13.43,1.57,10.5,8.4,21,Z3,30.000,-0.525,1
DATA,15193,13.44,1.56,10.4,8.4,21,Z3,30.000,-0.152,1
DATA,15452,13.61,1.39,9.3,7.9,21,Z3,30.000,-1.676,1
DATA,15710,13.57,1.43,9.5,8.1,21,Z3,30.000,0.385,1
DATA,15968,13.51,1.49,9.9,8.2,21,Z3,30.000,0.599,1
DATA,16226,13.52,1.48,9.9,8.2,21,Z3,30.000,-0.118,1
DATA,16485,13.54,1.46,9.7,8.2,21,Z3,30.000,-0.166,1
DATA,16743,13.32,1.68,11.2,8.8,21,Z3,30.000,2.212,1
DATA,17001,13.51,1.49,9.9,8.2,21,Z3,30.000,-1.972,1
DATA,17259,13.60,1.40,9.3,8.0,21,Z3,30.000,-0.840,1
DATA,17517,13.65,1.35,9.0,7.9,21,Z3,30.000,-0.496,1
DATA,17776,13.71,1.29,8.6,7.7,21,Z3,30.000,-0.596,1
DATA,18034,13.70,1.30,8.7,7.8,21,Z3,30.000,0.070,1
DATA,18292,13.96,1.04,7.0,7.0,21,Z3,30.000,-2.553,1
DATA,18550,13.92,1.08,7.2,7.2,21,Z3,30.000,0.392,1
DATA,18808,13.74,1.26,8.4,7.7,21,Z3,30.000,1.728,1
DATA,19067,13.67,1.33,8.9,7.9,21,Z3,30.000,0.766,1
DATA,19325,13.81,1.19,7.9,7.4,21,Z3,30.000,-1.421,1
DATA,19583,13.96,1.04,7.0,7.1,21,Z3,30.000,-1.487,1
DATA,19841,14.01,0.99,6.6,7.0,21,Z3,30.000,-0.496,1
DATA,20099,13.94,1.06,7.0,7.2,21,Z3,30.000,0.640,1
DATA,20358,13.86,1.14,7.6,7.4,21,Z3,30.000,0.799,1
DATA,20616,13.88,1.12,7.5,7.3,21,Z3,30.000,-0.144,1
DATA,20874,13.92,1.08,7.2,7.2,21,Z3,30.000,-0.437,1
DATA,21132,14.06,0.94,6.3,6.8,21,Z3,30.000,-1.395,1
DATA,21390,14.18,0.82,5.5,6.5,21,Z3,30.000,-1.180,1
DATA,21649,14.21,0.79,5.3,6.5,21,Z3,30.000,-0.266,1
DATA,21907,14.19,0.81,5.4,6.5,21,Z3,30.000,0.178,1
DATA,22165,14.24,0.76,5.0,6.4,21,Z3,30.000,-0.562,1
DATA,22423,14.21,0.79,5.2,6.5,21,Z3,30.000,0.303,1
DATA,22681,14.25,0.75,5.0,6.4,21,Z3,30.000,-0.348,1
DATA,22940,14.23,0.77,5.2,6.4,21,Z3,30.000,0.222,1
--------------------------------------------
STOP       : TARGET
Setpoint   : 15.0g
Massa akhir: 14.95g
Error akhir: -0.05g
Error%     : -0.4%
Durasi     : 24660ms
Bridging   : 1x
STATUS     : AKURAT
=== SUMMARY TRIAL ===
Controller: Fixed PID
TrialNo: 8
Setpoint_g: 15.00
EarlyStop_g: 0.40
StopTarget_g: 14.60
Kp: 2.500
Ki: 0.150
Kd: 0.030
IntMax: 30.00
ServoMin_deg: 20
ServoMax_deg: 40
HammerThreshold_g: 3.00
FinalMass_g: 14.95
FinalError_g: -0.05
FinalError_pct: -0.36
Duration_ms: 24660
Duration_s: 24.66
TimeTo90_ms: 13644
RiseTime_10_90_ms: 11102
TimeToTolerance_ms: 23198
SettlingTime_ms: 23198
SettlingTol_pct: 5.00
SettlingTol_g: 0.75
MaxMass_g: 14.95
MaxOvershoot_g: 0.00
MaxOvershoot_pct: 0.00
BridgingCount: 1
Status: AKURAT
Valid: TRUE
StopReason: TARGET
=== TRIAL END ===
--------------------------------------------
r=reset | g=ulangi | c=parameter
