======== PARAMETER AKTIF (Fixed PID) ========
Setpoint   : 15.0g
Kp         : 2.50
Ki         : 0.150
Kd         : 0.030
IntMax     : 30.0
SUDUT_MIN  : 20deg
SUDUT_BUKA : 40deg
EARLY_STOP : SP - 0.40g
STOP saat  : 14.6g
HAMMER_TH  : error > 3.0g
=================================================
RESET. Servo tutup. Tare selesai. Siap.
=== TRIAL START ===
Controller: Fixed PID
TrialNo: 3
Setpoint_g: 15.00
EarlyStop_g: 0.40
StopTarget_g: 14.60
Kp: 2.500
Ki: 0.150
Kd: 0.030
IntMax: 30.00
ServoMin_deg: 20
ServoMax_deg: 40
HammerThreshold_g: 3.00
Sampling_ms: 100
DataFormat: DATA,ms,mass_g,error_g,error_pct,output,servo_deg,zone,I,D,bridging_count
=== DATA START ===
DATA,100,0.00,15.00,100.0,42.2,28,Z1,1.500,150.000,0
DATA,218,0.00,15.00,100.0,38.0,27,Z1,3.000,0.000,0
DATA,476,0.53,14.47,96.5,36.7,27,Z1,4.447,-5.309,0
DATA,734,1.10,13.90,92.7,35.5,26,Z1,5.837,-5.653,0
DATA,992,1.12,13.88,92.5,35.8,26,Z1,7.225,-0.263,0
DATA,1250,1.05,13.95,93.0,36.2,27,Z1,8.620,0.681,0
DATA,1509,1.01,13.99,93.3,36.5,27,Z1,10.019,0.470,0
DATA,1767,1.01,13.99,93.2,36.7,27,Z1,11.418,-0.052,0
DATA,2025,0.94,14.06,93.7,37.1,27,Z1,12.824,0.725,0
DATA,2283,0.92,14.08,93.9,37.3,27,Z1,14.232,0.204,0
DATA,2541,1.06,13.94,92.9,37.1,27,Z1,15.625,-1.443,0
DATA,2800,1.10,13.90,92.7,37.3,27,Z1,17.016,-0.326,0
DATA,3058,1.06,13.94,92.9,37.6,27,Z1,18.409,0.337,0
DATA,3316,1.05,13.95,93.0,37.8,27,Z1,19.804,0.089,0
DATA,3574,1.09,13.91,92.7,37.9,27,Z1,21.195,-0.352,0
DATA,3832,1.06,13.94,93.0,38.3,27,Z1,22.589,0.337,0
DATA,4091,1.08,13.92,92.8,38.4,27,Z1,23.982,-0.222,0
DATA,4349,1.08,13.92,92.8,38.6,27,Z1,25.374,0.000,0
DATA,4607,3.42,11.58,77.2,32.2,26,Z1,26.531,-23.463,0
DATA,4865,4.01,10.99,73.2,31.4,26,Z1,27.630,-5.893,0
DATA,5123,3.98,11.02,73.5,31.9,26,Z1,28.733,0.374,0
DATA,5381,3.97,11.03,73.5,32.0,26,Z1,29.835,0.022,0
DATA,5640,3.95,11.05,73.7,32.1,26,Z1,30.000,0.244,0
DATA,5898,3.95,11.05,73.7,32.1,26,Z1,30.000,0.033,0
DATA,6156,3.97,11.03,73.5,32.1,26,Z1,30.000,-0.281,0
DATA,6414,3.97,11.03,73.5,32.1,26,Z1,30.000,0.052,0
DATA,6672,3.99,11.01,73.4,32.0,26,Z1,30.000,-0.178,0
DATA,6931,3.95,11.05,73.7,32.1,26,Z1,30.000,0.396,0
DATA,7189,3.93,11.07,73.8,32.2,26,Z1,30.000,0.152,0
DATA,7447,3.95,11.05,73.7,32.1,26,Z1,30.000,-0.170,0
DATA,7705,3.95,11.05,73.7,32.1,26,Z1,30.000,-0.011,0
DATA,7963,3.96,11.04,73.6,32.1,26,Z1,30.000,-0.074,0
DATA,8222,3.95,11.05,73.6,32.1,26,Z1,30.000,0.044,0
DATA,8480,3.95,11.05,73.7,32.1,26,Z1,30.000,0.044,0
DATA,8738,3.99,11.01,73.4,32.0,26,Z1,30.000,-0.388,0
DATA,8996,3.96,11.04,73.6,32.1,26,Z1,30.000,0.311,0
BRIDGING #1 @3.99g hammer
DATA,9254,3.99,11.01,73.4,32.0,26,Z1,30.000,-0.355,1
DATA,9513,3.96,11.04,73.6,32.1,26,Z1,30.000,0.359,1
DATA,9771,3.76,11.24,75.0,32.7,26,Z1,30.000,1.990,1
DATA,10029,4.12,10.88,72.5,31.6,26,Z1,30.000,-3.607,1
DATA,10287,5.03,9.97,66.5,29.2,25,Z1,30.000,-9.116,1
DATA,10545,7.50,7.50,50.0,22.5,24,Z2,30.000,-24.758,1
DATA,10803,7.08,7.92,52.8,24.4,24,Z1,30.000,4.214,1
DATA,11061,7.17,7.83,52.2,24.0,24,Z1,30.000,-0.884,1
DATA,11319,7.16,7.84,52.3,24.1,24,Z1,30.000,0.166,1
DATA,11578,7.28,7.72,51.5,23.8,24,Z1,30.000,-1.214,1
DATA,11836,7.23,7.77,51.8,23.9,24,Z1,30.000,0.466,1
DATA,12094,6.92,8.08,53.9,24.8,24,Z1,30.000,3.149,1
DATA,12352,7.26,7.74,51.6,23.7,24,Z1,30.000,-3.441,1
DATA,12610,7.24,7.76,51.7,23.9,24,Z1,30.000,0.207,1
DATA,12868,7.64,7.36,49.1,22.8,24,Z2,30.000,-3.988,1
DATA,13127,8.11,6.89,46.0,21.6,24,Z2,30.000,-4.684,1
DATA,13385,8.15,6.85,45.6,21.6,24,Z2,30.000,-0.488,1
DATA,13643,7.89,7.11,47.4,22.3,24,Z2,30.000,2.605,1
DATA,13901,7.82,7.18,47.8,22.5,24,Z2,30.000,0.699,1
DATA,14159,7.83,7.17,47.8,22.4,24,Z2,30.000,-0.063,1
DATA,14418,7.88,7.12,47.5,22.3,24,Z2,30.000,-0.455,1
DATA,14676,8.01,6.99,46.6,21.9,24,Z2,30.000,-1.317,1
DATA,14934,8.60,6.40,42.7,20.3,23,Z2,30.000,-5.919,1
DATA,15192,9.51,5.49,36.6,17.9,23,Z2,30.000,-9.153,1
DATA,15450,10.03,4.97,33.2,16.8,23,Z2,30.000,-5.102,1
DATA,15709,9.60,5.40,36.0,18.1,23,Z2,30.000,4.299,1
DATA,15967,9.68,5.32,35.4,17.8,23,Z2,30.000,-0.895,1
DATA,16225,9.51,5.49,36.6,18.3,23,Z2,30.000,1.698,1
DATA,16483,9.48,5.52,36.8,18.3,23,Z2,30.000,0.303,1
DATA,16741,9.73,5.27,35.1,17.6,23,Z2,30.000,-2.438,1
DATA,16999,10.18,4.82,32.2,16.4,23,Z2,30.000,-4.469,1
DATA,17258,10.29,4.71,31.4,16.2,23,Z2,30.000,-1.147,1
DATA,17516,10.25,4.75,31.7,16.4,23,Z2,30.000,0.392,1
DATA,17774,10.06,4.94,32.9,16.9,23,Z2,30.000,1.883,1
DATA,18032,10.08,4.92,32.8,16.8,23,Z2,30.000,-0.148,1
DATA,18290,10.03,4.97,33.2,16.9,23,Z2,30.000,0.507,1
BRIDGING #2 @9.98g hammer
DATA,18549,9.98,5.02,33.4,17.1,23,Z2,30.000,0.440,2
DATA,18807,9.97,5.03,33.5,17.1,23,Z2,30.000,0.133,2
DATA,19065,10.12,4.88,32.5,16.6,23,Z2,30.000,-1.532,2
DATA,19323,10.24,4.76,31.7,16.4,23,Z2,30.000,-1.150,2
DATA,19581,10.22,4.78,31.9,16.5,23,Z2,30.000,0.181,2
DATA,19839,10.32,4.68,31.2,16.2,23,Z2,30.000,-1.040,2
DATA,20097,10.18,4.82,32.1,16.6,23,Z2,30.000,1.398,2
DATA,20356,10.22,4.78,31.9,16.4,23,Z2,30.000,-0.359,2
DATA,20614,10.24,4.76,31.8,16.4,23,Z2,30.000,-0.170,2
DATA,20872,10.29,4.71,31.4,16.3,23,Z2,30.000,-0.499,2
DATA,21130,10.32,4.68,31.2,16.2,23,Z2,30.000,-0.340,2
DATA,21388,10.41,4.59,30.6,16.0,22,Z2,30.000,-0.858,2
BRIDGING #3 @10.44g hammer
DATA,21646,10.44,4.56,30.4,15.9,22,Z2,30.000,-0.311,3
DATA,21905,10.45,4.55,30.3,15.9,22,Z2,30.000,-0.174,3
DATA,22163,10.48,4.52,30.2,15.8,22,Z2,30.000,-0.211,3
DATA,22421,10.46,4.54,30.3,15.9,22,Z2,30.000,0.155,3
DATA,22679,10.70,4.30,28.6,15.2,22,Z2,30.000,-2.427,3
DATA,22937,12.54,2.46,16.4,10.1,21,Z2,30.000,-18.394,3
DATA,23195,13.02,1.98,13.2,9.3,21,Z3,30.000,-4.765,3
DATA,23453,12.98,2.02,13.4,9.6,21,Z3,30.000,0.359,3
DATA,23712,13.00,2.00,13.4,9.5,21,Z3,30.000,-0.144,3
DATA,23970,12.95,2.05,13.6,9.6,21,Z3,30.000,0.444,3
DATA,24228,12.98,2.02,13.5,9.5,21,Z3,30.000,-0.244,3
DATA,24486,13.18,1.82,12.2,9.0,21,Z3,30.000,-1.998,3
DATA,24744,13.23,1.77,11.8,8.9,21,Z3,30.000,-0.555,3
DATA,25002,13.29,1.71,11.4,8.7,21,Z3,30.000,-0.610,3
DATA,25261,14.56,0.44,2.9,5.2,20,Z3,30.000,-12.668,3
--------------------------------------------
STOP       : TARGET
Setpoint   : 15.0g
Massa akhir: 14.75g
Error akhir: -0.25g
Error%     : -1.7%
Durasi     : 26981ms
Bridging   : 3x
STATUS     : AKURAT
=== SUMMARY TRIAL ===
Controller: Fixed PID
TrialNo: 3
Setpoint_g: 15.00
EarlyStop_g: 0.40
StopTarget_g: 14.60
Kp: 2.500
Ki: 0.150
Kd: 0.030
IntMax: 30.00
ServoMin_deg: 20
ServoMax_deg: 40
HammerThreshold_g: 3.00
FinalMass_g: 14.75
FinalError_g: -0.25
FinalError_pct: -1.70
Duration_ms: 26981
Duration_s: 26.98
TimeTo90_ms: 25261
RiseTime_10_90_ms: 20654
TimeToTolerance_ms: 25261
SettlingTime_ms: 25261
SettlingTol_pct: 5.00
SettlingTol_g: 0.75
MaxMass_g: 14.78
MaxOvershoot_g: 0.00
MaxOvershoot_pct: 0.00
BridgingCount: 3
Status: AKURAT
Valid: TRUE
StopReason: TARGET
=== TRIAL END ===
--------------------------------------------
r=reset | g=ulangi | c=parameter
