======== PARAMETER AKTIF ========
Setpoint    : 30.0g
- Zona 1 Besar (eNorm >50%) -
  Kp1=1.65  Ki1=3.088  Kd1=0.279
- Zona 2 Sedang (15-50%) -
  Kp2=2.30  Ki2=0.753  Kd2=0.563
- Zona 3 Kecil (<=15%) -
  Kp3=2.50  Ki3=0.181  Kd3=0.030
- Sistem -
  SUDUT_MIN : 20deg
  SUDUT_BUKA: 40deg
  EARLY_STOP: SP - 0.40g
  STOP saat : 29.60g
  HAMMER_TH : error > 3.0g
=================================
RESET. Servo tutup. Tare selesai. Siap.
=== TRIAL START ===
Controller: Gain Scheduling PID
TrialNo: 8
Setpoint_g: 30.00
EarlyStop_g: 0.40
StopTarget_g: 29.60
Z1_Rule: eNorm_gt_50
Z1_Kp: 1.650
Z1_Ki: 3.088
Z1_Kd: 0.279
Z1_IntMax: 15.00
Z2_Rule: 15_lt_eNorm_le_50
Z2_Kp: 2.300
Z2_Ki: 0.753
Z2_Kd: 0.563
Z2_IntMax: 30.00
Z3_Rule: eNorm_le_15_or_abs_error_le_2g
Z3_Kp: 2.500
Z3_Ki: 0.181
Z3_Kd: 0.030
Z3_IntMax: 30.00
ServoMin_deg: 20
ServoMax_deg: 40
HammerThreshold_g: 3.00
Sampling_ms: 100
DataFormat: DATA,ms,mass_g,error_g,error_pct,output,servo_deg,zone,I,D,flow_gps,bridging_count
=== DATA START ===
>> GANTI ZONA: 0 -> 1 @0.00g
DATA,100,0.00,30.00,100.0,100.0,40,Z1,3.000,300.000,0.00,0
DATA,218,0.00,30.00,100.0,68.0,33,Z1,6.000,0.000,0.00,0
DATA,476,1.64,28.36,94.5,69.5,33,Z1,8.836,-16.375,16.37,0
DATA,734,3.99,26.01,86.7,71.7,34,Z1,11.437,-23.503,23.50,0
DATA,993,3.80,26.20,87.3,87.2,37,Z1,14.058,1.913,0.00,0
DATA,1251,3.79,26.21,87.4,89.6,37,Z1,15.000,0.044,0.00,0
DATA,1509,3.84,26.16,87.2,89.4,37,Z1,15.000,-0.470,0.47,0
DATA,1767,3.86,26.14,87.1,89.4,37,Z1,15.000,-0.200,0.20,0
DATA,2025,3.80,26.20,87.3,89.7,37,Z1,15.000,0.562,0.00,0
DATA,2284,3.79,26.21,87.4,89.6,37,Z1,15.000,0.082,0.00,0
DATA,2542,6.99,23.01,76.7,75.4,34,Z1,15.000,-31.935,31.94,0
DATA,2800,7.99,22.01,73.4,79.9,35,Z1,15.000,-9.996,10.00,0
DATA,3058,7.92,22.08,73.6,82.9,36,Z1,15.000,0.633,0.00,0
DATA,3316,7.91,22.09,73.6,82.8,36,Z1,15.000,0.148,0.00,0
DATA,3575,7.86,22.14,73.8,83.0,36,Z1,15.000,0.522,0.00,0
DATA,3833,7.89,22.11,73.7,82.7,36,Z1,15.000,-0.281,0.28,0
DATA,4091,7.85,22.15,73.8,83.0,36,Z1,15.000,0.322,0.00,0
DATA,4349,7.85,22.15,73.8,82.9,36,Z1,15.000,-0.004,0.00,0
DATA,4607,7.88,22.12,73.7,82.8,36,Z1,15.000,-0.214,0.21,0
DATA,4866,7.96,22.04,73.5,82.4,36,Z1,15.000,-0.892,0.89,0
DATA,5124,7.82,22.18,73.9,83.3,36,Z1,15.000,1.458,0.00,0
DATA,5382,7.87,22.13,73.8,82.7,36,Z1,15.000,-0.533,0.53,0
DATA,5640,7.78,22.22,74.1,83.2,36,Z1,15.000,0.914,0.00,0
DATA,5898,7.72,22.28,74.3,83.3,36,Z1,15.000,0.629,0.00,0
BRIDGING #1 @7.86g Z1 hammer
DATA,6157,7.86,22.14,73.8,82.4,36,Z1,15.000,-1.447,1.45,1
DATA,6415,7.90,22.10,73.7,82.7,36,Z1,15.000,-0.337,0.34,1
DATA,6673,8.12,21.88,72.9,81.8,36,Z1,15.000,-2.209,2.21,1
DATA,6931,8.36,21.64,72.1,81.3,36,Z1,15.000,-2.449,2.45,1
DATA,7189,9.10,20.90,69.7,78.7,35,Z1,15.000,-7.414,7.41,1
DATA,7447,10.02,19.98,66.6,76.7,35,Z1,15.000,-9.168,9.17,1
DATA,7705,9.96,20.04,66.8,79.6,35,Z1,15.000,0.648,0.00,1
DATA,7964,9.91,20.09,67.0,79.6,35,Z1,15.000,0.440,0.00,1
DATA,8222,9.89,20.11,67.0,79.6,35,Z1,15.000,0.192,0.00,1
DATA,8480,9.88,20.12,67.1,79.5,35,Z1,15.000,0.107,0.00,1
DATA,8738,9.93,20.07,66.9,79.3,35,Z1,15.000,-0.462,0.46,1
DATA,8997,10.08,19.92,66.4,78.8,35,Z1,15.000,-1.550,1.55,1
DATA,9255,10.19,19.81,66.0,78.7,35,Z1,15.000,-1.080,1.08,1
DATA,9513,10.65,19.35,64.5,77.0,35,Z1,15.000,-4.599,4.60,1
DATA,9771,10.63,19.37,64.6,78.3,35,Z1,15.000,0.207,0.00,1
DATA,10029,10.62,19.38,64.6,78.3,35,Z1,15.000,0.119,0.00,1
DATA,10288,10.65,19.35,64.5,78.1,35,Z1,15.000,-0.344,0.34,1
DATA,10546,10.63,19.37,64.6,78.3,35,Z1,15.000,0.229,0.00,1
DATA,10804,12.22,17.78,59.3,71.2,34,Z1,15.000,-15.890,15.89,1
>> GANTI ZONA: 1 -> 2 @16.55g
DATA,11062,16.55,13.45,44.8,7.6,21,Z2,1.345,-43.282,43.28,1
DATA,11321,18.44,11.56,38.5,17.8,23,Z2,2.501,-18.968,18.97,1
DATA,11579,19.23,10.77,35.9,23.1,24,Z2,3.578,-7.843,7.84,1
DATA,11837,19.17,10.83,36.1,28.8,25,Z2,4.661,0.592,0.00,1
DATA,12095,19.17,10.83,36.1,29.2,25,Z2,5.744,-0.059,0.06,1
DATA,12353,19.05,10.95,36.5,31.0,26,Z2,6.839,1.225,0.00,1
DATA,12611,19.12,10.88,36.3,30.6,25,Z2,7.927,-0.688,0.69,1
DATA,12870,19.81,10.19,34.0,26.3,25,Z2,8.946,-6.918,6.92,1
DATA,13128,20.88,9.12,30.4,22.4,24,Z2,9.857,-10.699,10.70,1
DATA,13386,21.03,8.97,29.9,27.9,25,Z2,10.754,-1.521,1.52,1
DATA,13644,20.76,9.24,30.8,31.6,26,Z2,11.678,2.734,0.00,1
DATA,13902,20.70,9.30,31.0,31.3,26,Z2,12.608,0.647,0.00,1
DATA,14161,20.70,9.30,31.0,31.6,26,Z2,13.538,-0.029,0.03,1
DATA,14419,20.80,9.20,30.7,31.4,26,Z2,14.458,-1.054,1.05,1
DATA,14677,20.72,9.28,30.9,33.4,26,Z2,15.386,0.866,0.00,1
DATA,14935,21.65,8.35,27.8,26.2,25,Z2,16.221,-9.297,9.30,1
DATA,15194,23.36,6.64,22.1,18.3,23,Z2,16.885,-17.166,17.17,1
DATA,15452,23.31,6.69,22.3,28.9,25,Z2,17.553,0.499,0.00,1
DATA,15710,23.34,6.66,22.2,28.9,25,Z2,18.219,-0.237,0.24,1
DATA,15968,23.31,6.69,22.3,29.8,25,Z2,18.888,0.277,0.00,1
DATA,16226,23.31,6.69,22.3,30.1,25,Z2,19.557,-0.019,0.02,1
DATA,16485,23.25,6.75,22.5,31.1,26,Z2,20.232,0.607,0.00,1
DATA,16743,23.26,6.74,22.5,31.2,26,Z2,20.906,-0.100,0.10,1
DATA,17001,23.78,6.22,20.7,27.6,25,Z2,21.528,-5.198,5.20,1
DATA,17259,23.90,6.10,20.3,30.0,25,Z2,22.137,-1.214,1.21,1
DATA,17518,23.94,6.06,20.2,30.8,25,Z2,22.743,-0.411,0.41,1
DATA,17776,23.94,6.06,20.2,31.6,26,Z2,23.350,0.082,0.00,1
DATA,18034,23.99,6.01,20.0,31.6,26,Z2,23.951,-0.499,0.50,1
DATA,18292,23.99,6.01,20.0,32.3,26,Z2,24.552,-0.070,0.07,1
DATA,18551,24.01,5.99,20.0,32.6,26,Z2,25.150,-0.214,0.21,1
DATA,18809,23.96,6.04,20.1,33.6,26,Z2,25.754,0.544,0.00,1
DATA,19067,23.96,6.04,20.1,33.7,26,Z2,26.358,-0.015,0.01,1
DATA,19325,23.95,6.05,20.2,34.3,26,Z2,26.964,0.155,0.00,1
DATA,19584,23.95,6.05,20.2,34.6,26,Z2,27.569,-0.055,0.06,1
DATA,19842,23.98,6.02,20.1,34.9,26,Z2,28.170,-0.307,0.31,1
DATA,20100,23.97,6.03,20.1,35.6,26,Z2,28.774,0.159,0.00,1
DATA,20358,23.95,6.05,20.2,36.1,27,Z2,29.378,0.111,0.00,1
DATA,20617,23.93,6.07,20.2,36.7,27,Z2,29.985,0.222,0.00,1
DATA,20875,23.94,6.06,20.2,36.5,27,Z2,30.000,-0.092,0.09,1
DATA,21133,24.43,5.57,18.6,32.7,26,Z2,30.000,-4.883,4.88,1
DATA,21391,24.65,5.35,17.8,33.7,26,Z2,30.000,-2.183,2.18,1
BRIDGING #2 @24.47g Z2 hammer
DATA,21649,24.47,5.53,184,3.3,2,Z230.000,1.780,0.00,2
DATA,21908,24.65,5.35,17.8,33.9,26,Z2,30.000,-1.816,1.82,2
DATA,22166,24.61,5.39,18.0,35.2,26,Z2,30.000,0.377,0.00,2
DATA,22424,24.60,5.40,18.0,35.1,26,Z2,30.000,0.107,0.00,2
>> GANTI ZONA: 2 -> 3 @25.73g
DATA,22682,25.73,4.27,14.2,10.4,21,Z3,0.427,-11.295,11.29,2
--------------------------------------------
STOP       : TARGET
Setpoint   : 30.0g
Massa akhir: 29.86g
Error akhir: -0.14g
Error%     : -0.5%
Durasi     : 24402ms
Bridging   : 2x
Zona hits  : Z1=43 Z2=45 Z3=1
STATUS     : AKURAT
=== SUMMARY TRIAL ===
Controller: Gain Scheduling PID
TrialNo: 8
Setpoint_g: 30.00
EarlyStop_g: 0.40
StopTarget_g: 29.60
Z1_Kp: 1.650
Z1_Ki: 3.088
Z1_Kd: 0.279
Z1_IntMax: 15.00
Z2_Kp: 2.300
Z2_Ki: 0.753
Z2_Kd: 0.563
Z2_IntMax: 30.00
Z3_Kp: 2.500
Z3_Ki: 0.181
Z3_Kd: 0.030
Z3_IntMax: 30.00
ServoMin_deg: 20
ServoMax_deg: 40
HammerThreshold_g: 3.00
FinalMass_g: 29.86
FinalError_g: -0.14
FinalError_pct: -0.47
Duration_ms: 24402
Duration_s: 24.40
TimeTo90_ms: 22940
RiseTime_10_90_ms: 22206
TimeToTolerance_ms: 22940
SettlingTime_ms: 22940
SettlingTol_pct: 5.00
SettlingTol_g: 1.50
MaxMass_g: 29.86
MaxOvershoot_g: 0.00
MaxOvershoot_pct: 0.00
BridgingCount: 2
ZonaHit_Z1: 43
ZonaHit_Z2: 45
ZonaHit_Z3: 1
Status: AKURAT
Valid: TRUE
StopReason: TARGET
=== TRIAL END ===
--------------------------------------------
r=reset | g=ulangi | c=parameter
