======== PARAMETER AKTIF ========
Setpoint    : 30.0g
- Zona 1 Besar (eNorm >50%) -
  Kp1=1.65  Ki1=3.088  Kd1=0.279
- Zona 2 Sedang (15-50%) -
  Kp2=2.30  Ki2=0.753  Kd2=0.563
- Zona 3 Kecil (<=15%) -
  Kp3=2.50  Ki3=0.181  Kd3=0.030
- Sistem -
  SUDUT_MIN : 20deg
  SUDUT_BUKA: 40deg
  EARLY_STOP: SP - 0.40g
  STOP saat : 29.60g
  HAMMER_TH : error > 3.0g
=================================
RESET. Servo tutup. Tare selesai. Siap.
                                                                 Gain Scheduling PID
TrialNo: 10
Setpoint_g: 30.00
EarlyStop_g: 0.40
StopTarget_g: 29.60
Z1_Rule: eNorm_gt_50
Z1_Kp: 1.650
Z1_Ki: 3.088
Z1_Kd: 0.279
Z1_IntMax: 15.00
Z2_Rule: 15_lt_eNorm_le_50
Z2_Kp: 2.300
Z2_Ki: 0.753
Z2_Kd: 0.563
Z2_IntMax: 30.00
Z3_Rule: eNorm_le_15_or_abs_error_le_2g
Z3_Kp: 2.500
Z3_Ki: 0.181
Z3_Kd: 0.030
Z3_IntMax: 30.00
ServoMin_deg: 20
ServoMax_deg: 40
HammerThreshold_g: 3.00
Sampling_ms: 100
DataFormat: DATA,ms,mass_g,error_g,error_pct,output,servo_deg,zone,I,D,flow_gps,bridging_count
=== DATA START ===
>> GANTI ZONA: 0 -> 1 @0.00g
DATA,100,0.00,30.00,100.0,100.0,40,Z1,3.000,300.000,0.00,0
DATA,218,0.00,30.00,100.0,68.0,33,Z1,6.000,0.000,0.00,0
DATA,476,0.60,29.40,98.0,74.5,34,Z1,8.940,-5.975,5.97,0
DATA,734,1.84,28.16,93.9,79.3,35,Z1,11.756,-12.449,12.45,0
DATA,992,1.58,28.42,94.7,92.7,38,Z1,14.598,2.653,0.00,0
DATA,1250,1.53,28.47,94.9,93.4,38,Z1,15.000,0.511,0.00,0
DATA,1508,1.58,28.42,94.7,93.1,38,Z1,15.000,-0.529,0.53,0
DATA,1766,1.48,28.52,95.1,93.7,38,Z1,15.000,1.017,0.00,0
DATA,2025,1.49,28.51,95.0,93.3,38,Z1,15.000,-0.170,0.17,0
DATA,2283,1.58,28.42,94.7,93.0,38,Z1,15.000,-0.866,0.87,0
DATA,2541,4.22,25.78,85.9,81.5,36,Z1,15.000,-26.367,26.37,0
DATA,2799,7.81,22.19,74.0,72.9,34,Z1,15.000,-35.912,35.91,0
DATA,3057,9.03,20.97,69.9,77.5,35,Z1,15.000,-12.190,12.19,0
DATA,3315,9.23,20.77,69.2,80.0,35,Z1,15.000,-2.064,2.06,0
DATA,3573,9.25,20.75,69.2,80.5,35,Z1,15.000,-0.170,0.17,0
DATA,3832,9.29,20.71,69.0,80.4,35,Z1,15.000,-0.400,0.40,0
DATA,4090,9.25,20.75,69.2,80.7,35,Z1,15.000,0.370,0.00,0
DATA,4348,9.32,20.68,68.9,80.3,35,Z1,15.000,-0.629,0.63,0
DATA,4606,12.00,18.00,60.0,68.5,33,Z1,15.000,-26.867,26.87,0
DATA,4864,14.97,15.03,50.1,62.9,32,Z1,15.000,-29.619,29.62,0
>> GANTI ZONA: 1 -> 2 @16.23g
DATA,5122,16.23,13.77,45.9,25.6,24,Z2,1.377,-12.623,12.62,0
DATA,5381,16.54,13.46,44.9,31.2,26,Z2,2.723,-3.170,3.17,0
DATA,5639,16.76,13.24,44.1,32.3,26,Z2,4.047,-2.131,2.13,0
DATA,5897,16.94,13.06,43.5,33.0,26,Z2,5.353,-1.850,1.85,0
DATA,6155,17.05,12.95,43.2,34.2,26,Z2,6.648,-1.051,1.05,0
DATA,6413,17.04,12.96,43.2,35.8,26,Z2,7.944,0.067,0.00,0
DATA,6671,17.14,12.86,42.9,35.9,26,Z2,9.229,-1.032,1.03,0
DATA,6929,17.40,12.60,42.0,35.5,26,Z2,10.490,-2.512,2.51,0
DATA,7187,17.43,12.57,41.9,37.6,27,Z2,11.747,-0.318,0.32,0
DATA,7446,17.44,12.56,41.9,38.6,27,Z2,13.003,-0.074,0.07,0
DATA,7704,17.39,12.61,42.0,40.0,27,Z2,14.264,0.411,0.00,0
DATA,7962,17.45,12.55,41.8,40.2,27,Z2,15.519,-0.596,0.60,0
DATA,8220,17.72,12.28,40.9,39.3,27,Z2,16.746,-2.675,2.67,0
DATA,8478,17.69,12.31,41.0,42.0,28,Z2,17.978,0.325,0.00,0
DATA,8736,17.80,12.20,40.7,41.9,28,Z2,19.197,-1.150,1.15,0
DATA,8994,18.09,11.91,39.7,41.1,28,Z2,20.388,-2.893,2.89,0
DATA,9253,18.22,11.78,39.3,42.6,28,Z2,21.566,-1.236,1.24,0
DATA,9511,18.20,11.80,39.3,44.3,28,Z2,22.746,0.129,0.00,0
DATA,9769,18.45,11.55,38.5,43.2,28,Z2,23.901,-2.490,2.49,0
DATA,10027,18.37,11.63,38.8,46.1,29,Z2,25.064,0.858,0.00,0
DATA,10285,18.22,11.78,39.3,47.7,29,Z2,26.242,1.491,0.00,0
DATA,10543,18.33,11.67,38.9,46.9,29,Z2,27.410,-1.095,1.09,0
DATA,10801,19.33,10.67,35.6,40.3,27,Z2,28.476,-10.055,10.06,0
DATA,11060,20.10,9.90,33.0,40.6,27,Z2,29.466,-7.703,7.70,0
DATA,11318,20.17,9.83,32.8,44.9,28,Z2,30.000,-0.633,0.63,0
DATA,11576,20.16,9.84,32.8,45.3,28,Z2,30.000,0.059,0.00,0
DATA,11834,20.12,9.88,32.9,45.5,28,Z2,30.000,0.359,0.00,0
DATA,12092,20.17,9.83,32.8,44.9,28,Z2,30.000,-0.451,0.45,0
DATA,12350,20.17,9.83,32.8,45.2,28,Z2,30.000,0.007,0.00,0
DATA,12609,20.24,9.76,32.5,44.6,28,Z2,30.000,-0.721,0.72,0
DATA,12867,21.04,8.96,29.9,38.7,27,Z2,30.000,-7.962,7.96,0
DATA,13125,22.31,7.69,25.6,33.1,26,Z2,30.000,-12.745,12.74,0
DATA,13383,22.50,7.50,25.0,38.8,27,Z2,30.000,-1.883,1.88,0
DATA,13641,22.54,7.46,24.9,39.5,27,Z2,30.000,-0.366,0.37,0
DATA,13899,22.51,7.49,25.0,39.9,27,Z2,30.000,0.233,0.00,0
DATA,14157,22.62,7.38,24.6,39.0,27,Z2,30.000,-1.039,1.04,0
DATA,14416,22.61,7.39,24.6,39.7,27,Z2,30.000,0.104,0.00,0
DATA,14674,22.67,7.33,24.4,39.1,27,Z2,30.000,-0.629,0.63,0
DATA,14932,23.63,6.37,21.2,31.8,26,Z2,30.000,-9.623,9.62,0
DATA,15190,25.10,4.90,16.3,25.6,24,Z2,30.000,-14.643,14.64,0
>> GANTI ZONA: 2 -> 3 @25.69g
DATA,15448,25.69,4.31,14.4,10.7,21,Z3,0.431,-5.931,5.93,0
DATA,15707,25.98,4.02,13.4,10.1,21,Z3,0.833,-2.893,2.89,0
DATA,15965,26.08,3.92,13.1,10.0,21,Z3,1.225,-1.040,1.04,0
DATA,16223,26.17,3.83,12.8,9.8,21,Z3,1.608,-0.866,0.87,0
DATA,16481,26.22,3.78,12.6,9.8,21,Z3,1.986,-0.496,0.50,0
DATA,16739,26.39,3.61,12.0,9.4,21,Z3,2.347,-1.757,1.76,0
DATA,16997,26.66,3.34,11.1,8.7,21,Z3,2.681,-2.678,2.68,0
DATA,17255,27.05,2.95,9.8,7.8,21,Z3,2.975,-3.885,3.88,0
DATA,17513,26.98,3.02,10.1,8.2,21,Z3,3.277,0.692,0.00,0
DATA,17772,27.14,2.86,9.5,7.7,21,Z3,3.563,-1.583,1.58,0
DATA,18030,27.38,2.62,8.7,7.2,21,Z3,3.826,-2.379,2.38,0
DATA,18288,27.11,2.89,9.6,8.0,21,Z3,4.114,2.656,0.00,0
DATA,18546,27.37,2.63,8.8,7.3,21,Z3,4.378,-2.545,2.55,0
DATA,18804,27.71,2.29,7.6,6.5,21,Z3,4.607,-3.407,3.41,0
DATA,19062,28.04,1.96,6.5,5.7,20,Z3,4.803,-3.319,3.32,0
DATA,19320,28.32,1.68,5.6,5.0,20,Z3,4.971,-2.815,2.82,0
DATA,19579,28.30,1.70,5.7,5.2,20,Z3,5.141,0.181,0.00,0
DATA,19837,28.29,1.71,5.7,5.2,20,Z3,5.311,0.078,0.00,0
DATA,20095,28.33,1.67,5.6,5.2,20,Z3,5.479,-0.318,0.32,0
DATA,20353,28.39,1.61,5.4,5.0,20,Z3,5.640,-0.625,0.62,0
DATA,20611,28.34,1.66,5.5,5.2,20,Z3,5.806,0.507,0.00,0
DATA,20870,28.37,1.63,5.4,5.1,20,Z3,5.968,-0.355,0.36,0
DATA,21128,28.38,1.62,5.4,5.1,20,Z3,6.130,-0.093,0.09,0
DATA,21386,28.40,1.60,5.3,5.1,20,Z3,6.290,-0.129,0.13,0
DATA,21644,28.46,1.54,5.1,5.0,20,Z3,6.444,-0.684,0.68,0
DATA,21902,28.48,1.52,5.1,5.0,20,Z3,6.596,-0.178,0.18,0
DATA,22160,28.53,1.47,4.9,4.9,20,Z3,6.742,-0.507,0.51,0
DATA,22419,28.53,1.47,4.9,4.9,20,Z3,6.890,0.048,0.00,0
DATA,22677,28.58,1.42,4.7,4.8,20,Z3,7.032,-0.492,0.49,0
DATA,22935,28.58,1.42,4.7,4.9,20,Z3,7.174,0.004,0.00,0
DATA,23193,28.99,1.01,3.4,3.7,20,Z3,7.275,-4.173,4.17,0
DATA,23451,29.45,0.55,1.8,2.6,20,Z3,7.330,-4.554,4.55,0
--------------------------------------------
STOP       : TARGET
Setpoint   : 30.0g
Massa akhir: 29.85g
Error akhir: -0.15g
Error%     : -0.5%
Durasi     : 25172ms
Bridging   : 0x
Zona hits  : Z1=20 Z2=40 Z3=32
STATUS     : AKURAT
=== SUMMARY TRIAL ===
Controller: Gain Scheduling PID
TrialNo: 10
Setpoint_g: 30.00
EarlyStop_g: 0.40
StopTarget_g: 29.60
Z1_Kp: 1.650
Z1_Ki: 3.088
Z1_Kd: 0.279
Z1_IntMax: 15.00
Z2_Kp: 2.300
Z2_Ki: 0.753
Z2_Kd: 0.563
Z2_IntMax: 30.00
Z3_Kp: 2.500
Z3_Ki: 0.181
Z3_Kd: 0.030
Z3_IntMax: 30.00
ServoMin_deg: 20
ServoMax_deg: 40
HammerThreshold_g: 3.00
FinalMass_g: 29.85
FinalError_g: -0.15
FinalError_pct: -0.51
Duration_ms: 25172
Duration_s: 25.17
TimeTo90_ms: 17255
RiseTime_10_90_ms: 14714
TimeToTolerance_ms: 22160
SettlingTime_ms: 22160
SettlingTol_pct: 5.00
SettlingTol_g: 1.50
MaxMass_g: 29.85
MaxOvershoot_g: 0.00
MaxOvershoot_pct: 0.00
BridgingCount: 0
ZonaHit_Z1: 20
ZonaHit_Z2: 40
ZonaHit_Z3: 32
Status: AKURAT
Valid: TRUE
StopReason: TARGET
=== TRIAL END ===
--------------------------------------------
r=reset | g=ulangi | c=parameter
