======== PARAMETER AKTIF ========
Setpoint    : 30.0g
- Zona 1 Besar (eNorm >50%) -
  Kp1=1.65  Ki1=3.088  Kd1=0.279
- Zona 2 Sedang (15-50%) -
  Kp2=2.30  Ki2=0.753  Kd2=0.563
- Zona 3 Kecil (<=15%) -
  Kp3=2.50  Ki3=0.181  Kd3=0.030
- Sistem -
  SUDUT_MIN : 20deg
  SUDUT_BUKA: 40deg
  EARLY_STOP: SP - 0.40g
  STOP saat : 29.60g
  HAMMER_TH : error > 3.0g
=================================
RESET. Servo tutup. Tare selesai. Siap.
                                                                 Gain Scheduling PID
TrialNo: 4
Setpoint_g: 30.00
EarlyStop_g: 0.40
StopTarget_g: 29.60
Z1_Rule: eNorm_gt_50
Z1_Kp: 1.650
Z1_Ki: 3.088
Z1_Kd: 0.279
Z1_IntMax: 15.00
Z2_Rule: 15_lt_eNorm_le_50
Z2_Kp: 2.300
Z2_Ki: 0.753
Z2_Kd: 0.563
Z2_IntMax: 30.00
Z3_Rule: eNorm_le_15_or_abs_error_le_2g
Z3_Kp: 2.500
Z3_Ki: 0.181
Z3_Kd: 0.030
Z3_IntMax: 30.00
ServoMin_deg: 20
ServoMax_deg: 40
HammerThreshold_g: 3.00
Sampling_ms: 100
DataFormat: DATA,ms,mass_g,error_g,error_pct,output,servo_deg,zone,I,D,flow_gps,bridging_count
=== DATA START ===
>> GANTI ZONA: 0 -> 1 @0.00g
DATA,100,0.00,30.00,100.0,100.0,40,Z1,3.000,300.000,0.00,0
DATA,218,0.00,30.00,100.0,68.0,33,Z1,6.000,0.000,0.00,0
DATA,475,0.79,29.21,97.4,73.5,34,Z1,8.921,-7.947,7.95,0
DATA,734,1.52,28.48,94.9,81.3,36,Z1,11.768,-7.292,7.29,0
DATA,992,1.32,28.68,95.6,93.1,38,Z1,14.637,2.079,0.00,0
DATA,1250,1.29,28.71,95.7,93.7,38,Z1,15.000,0.214,0.00,0
DATA,1508,1.46,28.54,95.1,93.0,38,Z1,15.000,-1.646,1.65,0
DATA,1766,1.58,28.42,94.7,92.9,38,Z1,15.000,-1.236,1.24,0
DATA,2024,1.44,28.56,95.2,93.8,38,Z1,15.000,1.428,0.00,0
DATA,2282,1.49,28.51,95.0,93.2,38,Z1,15.000,-0.492,0.49,0
DATA,2540,5.30,24.70,82.3,76.4,35,Z1,15.000,-38.139,38.14,0
DATA,2798,8.87,21.13,70.4,71.2,34,Z1,15.000,-35.649,35.65,0
DATA,3057,9.78,20.22,67.4,77.1,35,Z1,15.000,-9.149,9.15,0
DATA,3315,10.61,19.39,64.6,76.0,35,Z1,15.000,-8.283,8.28,0
DATA,3573,10.62,19.38,64.6,78.3,35,Z1,15.000,-0.093,0.09,0
                                                                35,Z1,15.000,0.152,0.00,0
DATA,4089,10.60,19.40,64.7,78.3,35,Z1,15.000,0.037,.00,0
DATA,4347,10.78,19.22,64.1,77.6,35,Z1,15.000,-1.750,1.75,0
>> GANTI ZONA: 1 -> 2 @17.16g
DATA,4605,17.16,12.84,42.8,0.0,0,Z2,1.284,-63.818,63.82,0
DATA,4864,18.97,11.03,36.8,17.0,23,Z2,2.388,-18.069,18.07,0
DATA,5121,18.87,11.13,37.1,28.7,25,Z2,3.500,0.902,0.00,0
DATA,5379,18.97,11.03,36.8,28.3,25,Z2,4.603,-0.940,0.94,0
DATA,5638,18.93,11.07,36.9,30.0,25,Z2,5.710,0.392,0.00,0
DATA,5896,18.94,11.06,36.9,30.5,25,Z2,6.817,-0.074,0.07,0
DATA,6154,18.98,11.02,36.7,31.1,26,Z2,7.919,-0.403,0.40,0
DATA,6412,18.97,11.03,36.8,32.2,26,Z2,9.021,0.026,0.00,0
DATA,6670,19.42,10.58,35.3,29.4,25,Z2,10.079,-4.498,4.50,0
DATA,6928,21.02,8.98,29.9,19.9,23,Z2,10.976,-15.993,15.99,0
DATA,7186,21.35,8.65,28.8,27.0,25,Z2,11.842,-3.219,3.22,0
DATA,7445,21.49,8.51,28.4,28.3,25,Z2,12.693,-1.458,1.46,0
DATA,7703,21.33,8.67,28.9,31.0,26,Z2,13.559,1.576,0.00,0
DATA,7961,21.21,8.79,29.3,31.8,26,Z2,14.439,1.287,0.00,0
DATA,8219,21.30,8.70,29.0,31.0,26,Z2,15.309,-0.928,0.93,0
DATA,8477,21.33,8.67,28.9,31.9,26,Z2,16.176,-0.326,0.33,0
DATA,8735,22.45,7.55,25.2,23.8,24,Z2,16.931,-11.188,11.19,0
DATA,8994,23.57,6.43,21.4,21.7,24,Z2,17.574,-11.214,11.21,0
DATA,9252,23.32,6.68,22.3,30.6,25,Z2,18.242,2.557,0.00,0
DATA,9510,23.47,6.53,21.8,28.4,25,Z2,18.896,-1.517,1.52,0
DATA,9768,23.36,6.64,22.1,30.6,25,Z2,19.559,1.054,0.00,0
DATA,10026,23.32,6.68,22.3,30.8,25,Z2,20.227,0.385,0.00,0
DATA,10284,23.32,6.68,22.3,31.1,26,Z2,20.895,-0.007,0.01,0
DATA,10543,23.39,6.61,22.0,31.0,26,Z2,21.556,-0.681,0.68,0
DATA,10801,24.00,6.00,20.0,27.0,25,Z2,22.155,-6.119,6.12,0
DATA,11059,24.20,5.80,19.3,29.4,25,Z2,22.736,-1.927,1.93,0
DATA,11317,24.17,5.83,19.4,31.1,26,Z2,23.319,0.300,0.00,0
DATA,11575,24.10,5.90,19.7,32.0,26,Z2,23.909,0.692,0.00,0
DATA,11833,24.06,5.94,19.8,32.3,26,Z2,24.503,0.377,0.00,0
DATA,12091,24.04,5.96,19.9,32.7,26,Z2,25.100,0.229,0.00,0
DATA,12350,24.05,5.95,19.8,33.0,26,Z2,25.695,-0.085,0.08,0
DATA,12608,24.07,5.93,19.8,33.3,26,Z2,26.288,-0.241,0.24,0
DATA,12866,24.08,5.92,19.7,33.8,26,Z2,26.880,-0.111,0.11,0
DATA,13124,24.16,5.84,19.5,33.7,26,Z2,27.464,-0.795,0.80,0
DATA,13382,24.16,5.84,19.5,34.5,26,Z2,28.048,-0.007,0.01,0
DATA,13641,24.18,5.82,19.4,34.8,26,Z2,28.630,-0.196,0.20,0
DATA,13899,24.17,5.83,19.4,35.5,26,Z2,29.213,0.126,0.00,0
DATA,14157,24.18,5.82,19.4,35.7,26,Z2,29.795,-0.148,0.15,0
DATA,14415,24.16,5.84,19.5,36.1,27,Z2,30.000,0.196,0.00,0
DATA,14673,24.12,5.88,19.6,36.4,27,Z2,30.000,0.444,0.00,0
DATA,14931,24.93,5.07,16.9,29.7,25,Z2,30.000,-8.113,8.11,0
>> GANTI ZONA: 2 -> 3 @25.68g
DATA,15190,25.68,4.32,14.4,10.6,21,Z3,0.432,-7.551,7.55,0
DATA,15448,25.67,4.33,14.4,11.0,21,Z3,0.864,0.111,0.00,0
DATA,15706,25.64,4.36,14.5,11.1,22,Z3,1.300,0.311,0.00,0
DATA,15964,25.70,4.30,14.3,11.1,22,Z3,1.730,-0.559,0.56,0
DATA,16222,25.73,4.27,14.2,11.0,22,Z3,2.157,-0.351,0.35,0
DATA,16480,25.87,4.13,13.8,10.8,21,Z3,2.570,-1.347,1.35,0
DATA,16739,25.77,4.23,14.1,11.2,22,Z3,2.993,1.032,0.00,0
DATA,16997,25.99,4.01,13.4,10.6,21,Z3,3.394,-2.283,2.28,0
DATA,17255,26.07,3.93,13.1,10.5,21,Z3,3.787,-0.747,0.75,0
DATA,17513,26.09,3.91,13.0,10.5,21,Z3,4.178,-0.266,0.27,0
DATA,17771,26.30,3.70,12.3,10.0,21,Z3,4.548,-2.035,2.03,0
DATA,18029,25.87,4.13,13.8,11.4,22,Z3,4.961,4.325,0.00,0
DATA,18287,25.84,4.16,13.9,11.4,22,Z3,5.377,0.274,0.00,0
DATA,18546,26.20,3.80,12.7,10.4,21,Z3,5.758,-3.611,3.61,0
DATA,18804,25.77,4.23,14.1,11.8,22,Z3,6.181,4.299,0.00,0
DATA,19062,26.24,3.76,12.5,10.4,21,Z3,6.557,-4.691,4.69,0
DATA,19320,26.26,3.74,12.5,10.6,21,Z3,6.931,-0.237,0.24,0
DATA,19578,26.33,3.67,12.2,10.5,21,Z3,7.297,-0.714,0.71,0
DATA,19836,26.34,3.66,12.2,10.5,21,Z3,7.663,-0.067,0.07,0
DATA,20095,26.29,3.71,12.4,10.8,21,Z3,8.035,0.544,0.00,0
DATA,20353,26.33,3.67,12.2,10.7,21,Z3,8.401,-0.470,0.47,0
DATA,20611,26.33,3.67,12.2,10.8,21,Z3,8.769,0.074,0.00,0
DATA,20869,26.30,3.70,12.3,10.9,21,Z3,9.139,0.281,0.00,0
DATA,21127,26.25,3.75,12.5,11.1,22,Z3,9.514,0.466,0.00,0
DATA,21385,26.29,3.71,12.4,11.1,22,Z3,9.885,-0.374,0.37,0
BRIDGING #1 @26.30g Z3 hammer
DATA,21644,26.30,3.70,12.3,11.1,22,Z3,10.255,-0.122,0.12,1
DATA,21902,26.26,3.74,12.5,11.3,22,Z3,10.629,0.418,0.00,1
DATA,22160,26.30,3.70,12.3,11.2,22,Z3,10.999,-0.429,0.43,1
DATA,22418,26.24,3.76,12.5,11.5,22,Z3,11.375,0.577,0.00,1
DATA,22676,27.45,2.55,8.5,8.1,21,Z3,11.630,-12.053,12.05,1
DATA,22934,29.54,0.46,1.5,2.6,20,Z3,11.675,-20.932,20.93,1
DATA,23192,29.43,0.57,1.9,3.6,20,Z3,11.733,1.158,0.00,1
DATA,23450,29.50,0.50,1.7,3.4,20,Z3,11.783,-0.747,0.75,1
DATA,23708,29.55,0.45,1.5,3.3,20,Z3,11.828,-0.488,0.49,1
DATA,23967,29.50,0.50,1.7,3.4,20,Z3,11.878,0.499,0.00,1
--------------------------------------------
STOP       : TARGET
Setpoint   : 30.0g
Massa akhir: 29.56g
Error akhir: -0.44g
Error%     : -1.5%
Durasi     : 25687ms
Bridging   : 1x
Zona hits  : Z1=18 Z2=41 Z3=35
STATUS     : AKURAT
=== SUMMARY TRIAL ===
Controller: Gain Scheduling PID
TrialNo: 4
Setpoint_g: 30.00
EarlyStop_g: 0.40
StopTarget_g: 29.60
Z1_Kp: 1.650
Z1_Ki: 3.088
Z1_Kd: 0.279
Z1_IntMax: 15.00
Z2_Kp: 2.300
Z2_Ki: 0.753
Z2_Kd: 0.563
Z2_IntMax: 30.00
Z3_Kp: 2.500
Z3_Ki: 0.181
Z3_Kd: 0.030
Z3_IntMax: 30.00
ServoMin_deg: 20
ServoMax_deg: 40
HammerThreshold_g: 3.00
FinalMass_g: 29.56
FinalError_g: -0.44
FinalError_pct: -1.46
Duration_ms: 25687
Duration_s: 25.69
TimeTo90_ms: 22676
RiseTime_10_90_ms: 20136
TimeToTolerance_ms: 22934
SettlingTime_ms: 22934
SettlingTol_pct: 5.00
SettlingTol_g: 1.50
MaxMass_g: 29.69
MaxOvershoot_g: 0.00
MaxOvershoot_pct: 0.00
BridgingCount: 1
ZonaHit_Z1: 18
ZonaHit_Z2: 41
ZonaHit_Z3: 35
Status: AKURAT
Valid: TRUE
StopReason: TARGET
=== TRIAL END ===
--------------------------------------------
r=reset | g=ulangi | c=parameter
